1.092520416179672E+02
1.112944565744221E+02
1.133261135745026E+02
1.153466819028309E+02
1.173567515269492E+02
1.193568677615262E+02
1.213472382264808E+02
1.233280627687998E+02
1.252996101610343E+02
1.272622176652178E+02
1.292162142278436E+02
1.311616254011802E+02
1.330985125854808E+02
1.350277467707261E+02
1.369500172724228E+02
1.388657429052027E+02
1.407753036274297E+02
1.426790790351997E+02
1.445774379041288E+02
1.464706447130081E+02
1.483586064630008E+02
1.502413930829048E+02
1.521196291015489E+02
1.539936688980810E+02
1.558636900102515E+02
1.577298622188968E+02
1.595923778387804E+02
1.614514445768565E+02
1.633071826463735E+02
1.651594832211687E+02
1.670086354226849E+02
1.688552631382268E+02
1.706997560243783E+02
1.725424485598149E+02
1.743837122031060E+02
1.762239537692330E+02
1.780635767965692E+02
1.799028418715266E+02
1.817418902708994E+02
1.835813399647078E+02
1.854218025197088E+02
1.872636202015500E+02
1.891070804970763E+02
1.909524648598702E+02
1.928000405449286E+02
1.946500093821296E+02
1.965023685757115E+02
1.983571996039150E+02
2.002151111287125E+02
2.020764828588002E+02
2.039415077106920E+02
2.058104090510462E+02
2.076834612348177E+02
2.095609668881098E+02
2.114431662130573E+02
2.133300948391168E+02
2.152221511005011E+02
2.171202172168579E+02
2.190247674080757E+02
2.209361159437289E+02
2.228545896292210E+02
2.247805169255897E+02
2.267141842788429E+02
2.286556973636494E+02
2.306048781592524E+02
2.325621152196040E+02
2.345281066517770E+02
2.365030313271574E+02
2.384869465384340E+02
2.404799446031649E+02
2.424821513542273E+02
2.444936842064933E+02
2.465144695435855E+02
2.485442230241631E+02
2.505834962829152E+02
2.526330331037914E+02
2.546931088242876E+02
2.567639608093262E+02
2.588458973450137E+02
2.609392746967538E+02
2.630444208035141E+02
2.651613775691296E+02
2.672899857324248E+02
2.694309735642319E+02
2.715850097187953E+02
2.737522621555409E+02
2.759327952717459E+02
2.781266563943767E+02
2.803338681642849E+02
2.825543585860054E+02
2.847876830245324E+02
2.870332862768913E+02
2.892914978782176E+02
2.915624715963033E+02
2.938459867973212E+02
2.961417835308171E+02
2.984496333237142E+02
3.007693393282421E+02
3.031006561395333E+02
3.054429996757659E+02
3.077958634148562E+02
3.101595200292471E+02
3.125340004791916E+02
3.149190709823184E+02
3.173144625418005E+02
3.197199026030804E+02
3.221350985515069E+02
3.245596347432256E+02
3.269927290509185E+02
3.294337892355067E+02
3.318827158913344E+02
3.343390972800086E+02
3.368023297924892E+02
3.392717754766819E+02
3.417467869179178E+02
3.442266958877461E+02
3.467107072318512E+02
3.491977927917753E+02
3.516873232292095E+02
3.541789163255727E+02
3.566719362046243E+02
3.591656926414440E+02
1.659528498458479E+00
4.152820497849784E+00
6.644940983676645E+00
9.135119012482079E+00
1.162252760621391E+01
1.410686105305803E+01
1.658774184165119E+01
1.906452971880313E+01
2.153654916218086E+01
2.400313006736251E+01
2.646359589833273E+01
2.891720260717742E+01
3.136298695485537E+01
3.380014436721808E+01
3.622846907590220E+01
3.864747465366025E+01
4.105649509353645E+01
4.345492450545937E+01
4.584223884645149E+01
4.821797565167979E+01
5.058163399111817E+01
5.293250534511351E+01
5.527034739358896E+01
5.759555038859518E+01
5.990811289437855E+01
6.220791517516284E+01
6.449491669719001E+01
6.676914500380681E+01
6.903064608311745E+01
7.127932122291330E+01
7.351475751250996E+01
7.573716486286744E+01
7.794721279880909E+01
8.014505589057406E+01
8.233070888967566E+01
8.450422424807476E+01
8.666569663031248E+01
8.881522417278779E+01
9.095271044671290E+01
9.307775822030614E+01
9.519078508553963E+01
9.729253935326140E+01
9.938331580187618E+01
1.014633436984495E+02
1.035329206665334E+02
1.055924098361533E+02
1.076421827526700E+02
