 #VISUAL MAGNITUDES 5 diameters for each asteroid type S,M,E,C,P,D
  #S(0.5 km)   S(1.0 km)   S(1.5 km)   S(2.0 km)   S(2.5 km)   M(0.5 km)   M(1.0 km)   M(1.5 km)   M(2.0 km)   M(2.5 km)   E(0.5 km)   E(1.0 km)   E(1.5 km)   E(2.0 km)   E(2.5 km)   C(0.5 km)   C(1.0 km)   C(1.5 km)   C(2.0 km)   C(2.5 km)   P(0.5 km)   P(1.0 km)   P(1.5 km)   P(2.0 km)   P(2.5 km)   D(0.5 km)   D(1.0 km)   D(1.5 km)   D(2.0 km)   D(2.5 km)
    20.32062    18.81547    17.93501    17.31032    16.82577    20.65966    19.15451    18.27405    17.64936    17.16481    19.21191    17.70676    16.82630    16.20161    15.71706    22.04256    20.53741    19.65695    19.03226    18.54771    22.34944    20.84429    19.96383    19.33914    18.85459    22.11808    20.61293    19.73247    19.10778    18.62323
    20.19197    18.68682    17.80636    17.18167    16.69712    20.53236    19.02721    18.14676    17.52206    17.03751    19.07521    17.57006    16.68960    16.06491    15.58036    21.96086    20.45571    19.57526    18.95056    18.46601    22.26302    20.75787    19.87742    19.25272    18.76817    22.03689    20.53174    19.65129    19.02659    18.54204
    20.05017    18.54502    17.66456    17.03987    16.55532    20.38987    18.88473    18.00427    17.37958    16.89502    18.93749    17.43234    16.55188    15.92719    15.44264    21.79498    20.28983    19.40937    18.78468    18.30013    22.09958    20.59443    19.71397    19.08928    18.60473    21.87074    20.36559    19.48513    18.86044    18.37589
    19.73365    18.22850    17.34804    16.72335    16.23880    20.05335    18.54820    17.66774    17.04305    16.55850    18.73716    17.23201    16.35155    15.72686    15.24231    21.07940    19.57425    18.69380    18.06910    17.58455    21.42632    19.92117    19.04071    18.41602    17.93147    21.17025    19.66510    18.78465    18.15995    17.67540
    20.30102    18.79587    17.91541    17.29072    16.80617    20.63953    19.13438    18.25392    17.62923    17.14468    19.19548    17.69033    16.80988    16.18518    15.70063    22.00506    20.49991    19.61946    18.99476    18.51021    22.31369    20.80854    19.92808    19.30339    18.81884    22.08039    20.57524    19.69478    19.07009    18.58554
    20.26731    18.76216    17.88170    17.25701    16.77246    20.60759    19.10244    18.22198    17.59729    17.11274    19.15126    17.64611    16.76565    16.14096    15.65641    22.03200    20.52685    19.64639    19.02170    18.53715    22.33459    20.82944    19.94898    19.32429    18.83974    22.10798    20.60283    19.72237    19.09768    18.61313
    19.51295    18.00780    17.12734    16.50265    16.01810    19.81287    18.30772    17.42726    16.80257    16.31802    18.62751    17.12236    16.24191    15.61721    15.13266    20.77733    19.27218    18.39173    17.76703    17.28248    21.15032    19.64517    18.76472    18.14002    17.65547    20.91431    19.40916    18.52870    17.90401    17.41946
    19.84412    18.33897    17.45851    16.83382    16.34927    20.16666    18.66151    17.78106    17.15636    16.67181    18.83103    17.32588    16.44543    15.82073    15.33618    21.22631    19.72116    18.84070    18.21601    17.73146    21.56892    20.06377    19.18331    18.55862    18.07407    21.31372    19.80857    18.92812    18.30342    17.81887
    20.27707    18.77192    17.89146    17.26677    16.78222    20.61651    19.11136    18.23091    17.60621    17.12166    19.16594    17.66079    16.78034    16.15564    15.67109    22.01284    20.50769    19.62723    19.00254    18.51799    22.31834    20.81319    19.93274    19.30804    18.82349    22.08850    20.58335    19.70290    19.07820    18.59365
    20.15518    18.65003    17.76957    17.14488    16.66033    20.49362    18.98847    18.10801    17.48332    16.99877    19.05003    17.54488    16.66442    16.03973    15.55518    21.85708    20.35193    19.47147    18.84678    18.36223    22.16591    20.66076    19.78031    19.15561    18.67106    21.93238    20.42723    19.54678    18.92208    18.43753
    20.20007    18.69492    17.81447    17.18977    16.70522    20.53455    19.02940    18.14894    17.52425    17.03970    19.11897    17.61382    16.73336    16.10867    15.62412    21.77707    20.27192    19.39147    18.76677    18.28222    22.09740    20.59225    19.71179    19.08710    18.60255    21.85115    20.34600    19.46554    18.84085    18.35630
    19.61458    18.10943    17.22898    16.60428    16.11973    19.92309    18.41794    17.53748    16.91279    16.42824    18.68310    17.17795    16.29750    15.67280    15.18825    20.86633    19.36118    18.48073    17.85603    17.37148    21.22813    19.72298    18.84253    18.21783    17.73328    20.97549    19.47034    18.58988    17.96519    17.48064
    19.89017    18.38502    17.50456    16.87987    16.39532    20.20994    18.70479    17.82434    17.19964    16.71509    18.89324    17.38809    16.50764    15.88294    15.39839    21.23686    19.73171    18.85125    18.22656    17.74201    21.58367    20.07852    19.19806    18.57337    18.08882    21.32762    19.82247    18.94202    18.31732    17.83277
    19.80620    18.30105    17.42059    16.79590    16.31135    20.13524    18.63009    17.74963    17.12494    16.64039    18.75642    17.25127    16.37081    15.74612    15.26157    21.27428    19.76913    18.88867    18.26398    17.77943    21.60604    20.10089    19.22043    18.59574    18.11119    21.35274    19.84759    18.96714    18.34244    17.85789
    20.16871    18.66356    17.78310    17.15841    16.67386    20.50347    18.99832    18.11787    17.49317    17.00862    19.08579    17.58064    16.70018    16.07549    15.59094    21.75455    20.24940    19.36894    18.74425    18.25970    22.07410    20.56895    19.68850    19.06380    18.57925    21.82871    20.32356    19.44310    18.81841    18.33386
    20.36147    18.85632    17.97586    17.35117    16.86662    20.69301    19.18786    18.30741    17.68271    17.19816    19.29851    17.79336    16.91291    16.28821    15.80366    21.85447    20.34932    19.46887    18.84417    18.35962    22.18188    20.67673    19.79627    19.17158    18.68703    21.92779    20.42264    19.54219    18.91749    18.43294
    19.84533    18.34018    17.45972    16.83503    16.35048    20.16964    18.66449    17.78404    17.15934    16.67479    18.82208    17.31693    16.43648    15.81178    15.32723    21.25053    19.74538    18.86492    18.24023    17.75568    21.59033    20.08518    19.20472    18.58003    18.09548    21.33566    19.83051    18.95005    18.32536    17.84081
    20.33905    18.83390    17.95344    17.32875    16.84420    20.67753    19.17238    18.29193    17.66723    17.18268    19.23365    17.72850    16.84804    16.22335    15.73880    22.04236    20.53721    19.65676    19.03206    18.54751    22.35106    20.84591    19.96545    19.34076    18.85621    22.11768    20.61253    19.73207    19.10738    18.62283
    20.14866    18.64351    17.76305    17.13836    16.65381    20.48810    18.98295    18.10249    17.47780    16.99325    19.03755    17.53240    16.65194    16.02725    15.54270    21.88434    20.37919    19.49874    18.87404    18.38949    22.18986    20.68471    19.80425    19.17956    18.69501    21.96001    20.45486    19.57440    18.94971    18.46516
    20.11595    18.61080    17.73034    17.10565    16.62110    20.44852    18.94337    18.06291    17.43822    16.95367    19.04655    17.54140    16.66094    16.03625    15.55170    21.63866    20.13351    19.25306    18.62836    18.14381    21.96368    20.45853    19.57807    18.95338    18.46883    21.71237    20.20722    19.32677    18.70207    18.21752
    21.76700    20.26185    19.38140    18.75670    18.27215    22.01245    20.50730    19.62685    19.00215    18.51760    21.49208    19.98693    19.10647    18.48178    17.99723    21.97045    20.46530    19.58484    18.96015    18.47560    22.36101    20.85586    19.97540    19.35071    18.86616    22.03729    20.53214    19.65168    19.02699    18.54244
    20.03794    18.53279    17.65234    17.02764    16.54309    20.36647    18.86132    17.98087    17.35617    16.87162    18.99100    17.48585    16.60539    15.98070    15.49615    21.49908    19.99393    19.11347    18.48878    18.00423    21.83175    20.32660    19.44614    18.82145    18.33690    21.57830    20.07315    19.19269    18.56800    18.08345
    20.07671    18.57156    17.69110    17.06641    16.58186    20.41595    18.91080    18.03034    17.40565    16.92110    18.96683    17.46168    16.58123    15.95653    15.47198    21.80532    20.30017    19.41971    18.79502    18.31047    22.11154    20.60639    19.72593    19.10124    18.61669    21.88090    20.37575    19.49530    18.87060    18.38605
    20.20941    18.70426    17.82380    17.19911    16.71456    20.54983    19.04468    18.16422    17.53953    17.05498    19.09249    17.58734    16.70688    16.08219    15.59764    21.97926    20.47411    19.59365    18.96896    18.48441    22.28132    20.77617    19.89571    19.27102    18.78647    22.05529    20.55014    19.66969    19.04499    18.56044
