# Figure 10 - Variations of the mass flux rate in kg day −1 with time from July 1st, 2013 to June 30th, 2014.
# Days after July 1st, Maximum value from all models in the paper, Preferred Solution Fcoll=20, alpha=4, Minimum value from all models in the paper
0.5 1583.21 1406.39 1302.38
1 1583.95 1409.36 1309.06
1.5 1583.21 1405.65 1303.12
2 1583.21 1405.65 1302.38
2.5 1583.95 1406.39 1303.86
3 1584.7 1406.39 1303.86
3.5 1586.18 1407.88 1305.35
4 1583.95 1405.65 1303.12
4.5 1586.18 1410.1 1309.81
5 1584.7 1407.13 1304.61
5.5 1583.95 1404.9 1301.63
6 1584.7 1405.65 1303.86
6.5 1583.95 1404.9 1302.38
7 1583.95 1405.65 1303.12
7.5 1584.7 1407.13 1304.61
8 1584.7 1405.65 1302.38
8.5 1583.95 1405.65 1303.12
9 1583.95 1405.65 1303.12
9.5 1583.21 1404.16 1301.63
10 1584.7 1405.65 1301.63
10.5 1583.95 1404.9 1301.63
11 1584.7 1406.39 1303.12
11.5 1584.7 1406.39 1303.12
12 1582.47 1404.9 1302.38
12.5 1583.95 1405.65 1302.38
13 1583.21 1405.65 1303.12
13.5 1583.95 1407.13 1304.61
14 1583.95 1406.39 1303.12
14.5 1583.21 1405.65 1303.12
15 1583.21 1407.13 1305.35
15.5 1584.7 1407.13 1303.12
16 1586.18 1409.36 1306.09
16.5 1586.18 1407.88 1304.61
17 1585.44 1407.88 1303.12
17.5 1586.18 1410.1 1307.58
18 1584.7 1407.88 1305.35
18.5 1583.21 1407.88 1306.09
19 1584.7 1408.62 1306.09
19.5 1588.41 1412.33 1308.32
20 1584.7 1408.62 1306.09
20.5 1583.95 1407.88 1305.35
21 1586.18 1410.85 1308.32
21.5 1584.7 1408.62 1305.35
22 1586.18 1409.36 1306.84
22.5 1584.7 1409.36 1306.84
23 1584.7 1410.1 1307.58
23.5 1586.92 1410.85 1309.06
24 1587.67 1412.33 1309.06
24.5 1585.44 1409.36 1306.09
25 1586.18 1410.1 1306.84
25.5 1586.92 1410.85 1308.32
26 1587.67 1410.85 1306.09
26.5 1588.41 1412.33 1309.81
27 1587.67 1413.08 1312.78
27.5 1586.92 1412.33 1311.29
28 1586.92 1410.85 1309.06
28.5 1590.64 1413.82 1311.29
29 1589.9 1413.08 1309.81
29.5 1589.15 1412.33 1310.55
30 1589.15 1413.08 1309.81
30.5 1589.15 1413.08 1310.55
31 1592.12 1414.56 1310.55
31.5 1592.87 1416.79 1314.26
32 1592.12 1413.82 1310.55
32.5 1590.64 1413.82 1312.04
33 1591.38 1413.08 1308.32
33.5 1591.38 1413.08 1309.81
34 1589.9 1410.85 1306.09
34.5 1589.15 1410.1 1306.09
35 1591.38 1412.33 1309.06
35.5 1591.38 1411.59 1306.84
36 1589.9 1410.85 1306.84
36.5 1590.64 1410.85 1307.58
37 1590.64 1411.59 1308.32
37.5 1589.9 1410.85 1307.58
38 1590.64 1414.56 1316.49
38.5 1589.9 1410.85 1307.58
39 1591.38 1412.33 1309.06
39.5 1589.15 1410.85 1307.58
40 1588.41 1409.36 1306.09
40.5 1589.15 1410.85 1308.32
41 1591.38 1413.08 1309.06
41.5 1589.9 1412.33 1309.81
42 1590.64 1412.33 1308.32
42.5 1592.12 1413.82 1309.06
43 1592.12 1413.82 1308.32
43.5 1592.87 1415.3 1312.04
44 1592.87 1416.05 1312.78
44.5 1592.87 1415.3 1309.81
45 1595.1 1417.53 1312.78
45.5 1595.84 1419.02 1315.01
46 1596.58 1419.76 1314.26
46.5 1596.58 1421.25 1318.72
47 1595.84 1419.76 1317.98
47.5 1594.35 1418.28 1316.49
48 1604.01 1435.36 1346.21
48.5 1595.84 1420.51 1317.98
49 1597.33 1422.73 1320.21
49.5 1599.55 1424.22 1321.69
50 1598.07 1423.48 1321.69
50.5 1600.3 1424.96 1322.44
51 1600.3 1424.96 1322.44
51.5 1601.04 1425.71 1322.44
52 1599.55 1424.22 1320.95
52.5 1601.04 1426.45 1325.41
53 1602.53 1427.19 1323.18
53.5 1602.53 1426.45 1322.44
54 1602.53 1426.45 1321.69
54.5 1602.53 1427.19 1325.41
55 1604.01 1425.71 1321.69
55.5 1602.53 1427.19 1323.18
56 1602.53 1425.71 1322.44
56.5 1602.53 1425.71 1323.18
57 1604.01 1427.19 1323.18
57.5 1604.01 1427.19 1323.92
58 1604.01 1427.19 1324.67
58.5 1606.24 1429.42 1323.92
59 1606.24 1430.91 1329.12
59.5 1604.01 1427.93 1325.41
60 1604.01 1427.93 1324.67
60.5 1604.01 1426.45 1323.18
61 1606.24 1428.68 1324.67
61.5 1606.24 1426.45 1322.44
62 1606.98 1428.68 1323.92
62.5 1608.47 1428.68 1323.18
63 1606.24 1427.93 1323.92
63.5 1605.5 1427.19 1323.18
64 1606.24 1427.93 1323.92
64.5 1606.24 1427.19 1322.44
65 1606.98 1427.19 1322.44
65.5 1608.47 1429.42 1325.41
66 1608.47 1427.93 1322.44
66.5 1608.47 1429.42 1326.15
67 1610.7 1431.65 1326.89
67.5 1608.47 1429.42 1326.15
68 1609.21 1430.91 1327.64
68.5 1610.7 1431.65 1327.64
69 1610.7 1431.65 1329.12
69.5 1609.96 1433.88 1335.81
70 1610.7 1432.39 1329.87
70.5 1612.18 1433.14 1329.12
71 1610.7 1432.39 1327.64
71.5 1609.96 1433.14 1329.87
72 1611.44 1434.62 1332.1
72.5 1612.93 1434.62 1330.61
73 1612.18 1434.62 1329.87
73.5 1612.18 1433.88 1328.38
74 1610.7 1433.14 1328.38
74.5 1611.44 1434.62 1329.12
75 1612.18 1435.36 1330.61
75.5 1612.18 1435.36 1331.35
76 1614.41 1436.11 1330.61
76.5 1615.9 1438.34 1332.1
77 1612.93 1436.85 1332.84
77.5 1612.93 1437.59 1333.58
78 1615.9 1441.31 1337.3
78.5 1615.9 1440.56 1337.3
79 1615.9 1440.56 1337.3
79.5 1616.64 1442.79 1339.52
80 1618.87 1443.54 1340.27
80.5 1620.36 1444.28 1338.78
81 1623.33 1445.77 1340.27
81.5 1621.84 1445.77 1343.24
82 1621.1 1445.77 1341.75
82.5 1622.59 1446.51 1342.5
83 1623.33 1447.99 1344.73
83.5 1623.33 1447.99 1345.47
84 1635.96 1462.85 1355.87
84.5 1626.3 1449.48 1343.98
85 1625.56 1449.48 1345.47
85.5 1624.81 1449.48 1346.95
86 1626.3 1451.71 1348.44
86.5 1626.3 1450.97 1349.18
87 1625.56 1450.22 1346.21
87.5 1628.53 1452.45 1347.7
88 1627.04 1450.97 1346.21
88.5 1626.3 1450.22 1345.47
89 1627.04 1450.22 1344.73
89.5 1630.01 1452.45 1346.95
90 1627.04 1449.48 1343.98
90.5 1629.27 1450.97 1345.47
91 1630.01 1450.22 1342.5
91.5 1629.27 1450.22 1343.24
92 1627.79 1448.74 1343.24
92.5 1629.27 1450.97 1344.73
93 1628.53 1449.48 1343.24
93.5 1627.79 1448.74 1342.5
94 1628.53 1450.22 1344.73
94.5 1628.53 1450.22 1346.95
95 1631.5 1450.22 1343.98
95.5 1628.53 1450.22 1346.21
96 1630.76 1449.48 1343.98
96.5 1630.76 1451.71 1346.95
97 1631.5 1451.71 1346.21
97.5 1630.76 1452.45 1353.64
98 1632.24 1451.71 1344.73
98.5 1631.5 1451.71 1344.73
99 1630.76 1451.71 1345.47
99.5 1630.76 1451.71 1345.47
100 1630.76 1450.97 1343.98
100.5 1631.5 1451.71 1346.21
101 1631.5 1452.45 1346.21
101.5 1633.73 1455.42 1350.67
102 1634.47 1455.42 1349.18
102.5 1633.73 1456.17 1351.41
103 1635.22 1456.91 1350.67
103.5 1633.73 1457.65 1352.15
104 1634.47 1457.65 1351.41
104.5 1635.22 1459.14 1354.38
105 1634.47 1458.4 1353.64
105.5 1636.7 1459.88 1353.64
106 1634.47 1458.4 1353.64
106.5 1635.96 1460.62 1355.87
107 1637.44 1461.37 1355.87
107.5 1638.19 1462.11 1356.61
108 1638.93 1463.6 1358.1
108.5 1639.67 1464.34 1358.84
109 1641.16 1466.57 1362.56
109.5 1641.9 1468.8 1366.27
110 1642.64 1468.05 1364.04
110.5 1645.62 1471.03 1366.27
111 1644.13 1468.8 1364.04
111.5 1643.39 1468.05 1363.3
112 1645.62 1471.03 1367.76
112.5 1646.36 1469.54 1363.3
113 1646.36 1471.03 1367.01
113.5 1645.62 1469.54 1364.78
114 1646.36 1471.03 1365.53
114.5 1650.07 1476.23 1375.19
115 1647.85 1471.03 1367.01
115.5 1649.33 1473.25 1367.76
116 1648.59 1474 1370.73
116.5 1648.59 1472.51 1367.76
117 1647.1 1471.77 1367.01
117.5 1648.59 1472.51 1365.53
118 1650.07 1474 1368.5
118.5 1649.33 1471.77 1365.53
119 1650.82 1474 1367.01
119.5 1649.33 1471.77 1365.53
120 1650.82 1473.25 1367.01
120.5 1650.07 1472.51 1366.27
121 1649.33 1472.51 1367.01
121.5 1652.3 1474.74 1369.24
122 1652.3 1473.25 1365.53
122.5 1653.05 1472.51 1364.78
123 1650.82 1471.77 1365.53
123.5 1652.3 1473.25 1368.5
124 1651.56 1474 1369.99
124.5 1650.82 1471.77 1366.27
125 1653.79 1474.74 1369.24
125.5 1650.82 1471.77 1365.53
126 1650.82 1471.03 1363.3
126.5 1651.56 1471.77 1365.53
127 1653.05 1472.51 1365.53
127.5 1651.56 1471.77 1364.78
128 1652.3 1473.25 1367.76
128.5 1653.05 1474 1367.76
129 1651.56 1471.77 1364.78
129.5 1655.27 1474.74 1367.01
130 1653.05 1474 1367.01
130.5 1652.3 1474 1367.01
131 1653.05 1474.74 1367.01
131.5 1654.53 1477.71 1372.96
132 1656.02 1478.45 1371.47
132.5 1655.27 1478.45 1371.47
133 1655.27 1479.2 1374.44
133.5 1656.02 1479.94 1372.96
134 1658.25 1482.17 1375.93
134.5 1656.76 1480.68 1374.44
135 1659.73 1483.66 1377.41
135.5 1660.48 1484.4 1377.41
136 1658.99 1483.66 1378.16
136.5 1661.22 1484.4 1377.41
137 1662.7 1485.14 1376.67
137.5 1664.19 1486.63 1378.9
138 1664.93 1487.37 1379.64
138.5 1664.93 1487.37 1379.64
139 1664.93 1488.86 1382.62
139.5 1665.68 1491.08 1385.59
140 1664.19 1489.6 1386.33
140.5 1664.93 1490.34 1384.1
141 1664.93 1490.34 1384.84
141.5 1665.68 1490.34 1384.1
142 1666.42 1492.57 1387.82
142.5 1666.42 1491.83 1386.33
143 1664.93 1490.34 1384.84
143.5 1668.65 1493.31 1384.1
144 1665.68 1489.6 1382.62
144.5 1664.93 1489.6 1382.62
145 1665.68 1490.34 1383.36
145.5 1664.93 1489.6 1382.62
146 1666.42 1491.08 1385.59
146.5 1665.68 1490.34 1384.1
147 1667.9 1492.57 1386.33
147.5 1668.65 1492.57 1386.33
148 1669.39 1493.31 1388.56
148.5 1667.9 1491.08 1384.84
149 1670.13 1492.57 1384.84
149.5 1667.9 1489.6 1382.62
150 1667.16 1489.6 1381.87
150.5 1670.13 1491.83 1384.1
151 1668.65 1491.83 1383.36
151.5 1667.9 1490.34 1385.59
152 1670.13 1492.57 1387.07
152.5 1667.16 1488.86 1383.36
153 1668.65 1490.34 1384.1
153.5 1667.16 1488.11 1381.87
154 1667.16 1488.11 1381.87
154.5 1668.65 1490.34 1384.84
155 1667.9 1490.34 1384.84
155.5 1666.42 1487.37 1382.62
156 1667.9 1490.34 1385.59
156.5 1673.11 1493.31 1385.59
157 1670.13 1491.83 1386.33
157.5 1668.65 1489.6 1383.36
158 1667.16 1488.11 1382.62
158.5 1667.9 1490.34 1384.84
159 1669.39 1491.08 1386.33
159.5 1668.65 1491.08 1385.59
160 1668.65 1490.34 1384.1
160.5 1671.62 1493.31 1387.07
161 1670.88 1493.31 1386.33
161.5 1670.88 1494.06 1387.82
162 1674.59 1498.51 1390.79
162.5 1673.11 1497.03 1390.79
163 1674.59 1498.51 1391.53
163.5 1674.59 1499.26 1391.53
164 1676.82 1500.74 1393.76
164.5 1675.33 1498.51 1391.53
165 1676.08 1500 1393.76
165.5 1677.56 1500.74 1393.02
166 1676.82 1500.74 1394.5
166.5 1676.08 1500.74 1394.5
167 1674.59 1499.26 1393.76
167.5 1676.08 1500.74 1393.76
168 1676.08 1500.74 1393.02
168.5 1679.05 1502.23 1395.99
169 1676.82 1501.49 1395.25
169.5 1676.82 1502.97 1395.99
170 1676.82 1502.23 1395.25
170.5 1677.56 1502.23 1395.25
171 1677.56 1502.23 1395.99
171.5 1679.79 1504.46 1397.47
172 1677.56 1502.97 1397.47
172.5 1678.31 1502.23 1395.25
173 1678.31 1502.23 1395.25
173.5 1678.31 1503.71 1396.73
174 1677.56 1502.97 1395.99
174.5 1677.56 1502.23 1395.99
175 1682.02 1505.94 1397.47
175.5 1676.08 1500 1393.02
176 1676.08 1500 1393.02
176.5 1677.56 1500.74 1393.76
177 1676.08 1500 1393.76
177.5 1676.08 1500 1393.76
178 1676.08 1500 1393.76
178.5 1674.59 1499.26 1393.02
179 1676.08 1499.26 1393.02
179.5 1678.31 1501.49 1395.99
180 1679.79 1502.23 1395.99
180.5 1675.33 1498.51 1393.76
181 1676.08 1498.51 1393.76
181.5 1676.08 1499.26 1394.5
182 1677.56 1500.74 1396.73
182.5 1676.82 1498.51 1394.5
183 1676.82 1500 1395.25
183.5 1676.82 1500 1395.99
184 1677.56 1499.26 1394.5
184.5 1676.08 1498.51 1393.02
185 1676.82 1498.51 1393.02
185.5 1675.33 1497.77 1393.02
186 1678.31 1500.74 1395.25
186.5 1677.56 1499.26 1393.76
187 1677.56 1499.26 1394.5
187.5 1679.05 1500.74 1395.99
188 1676.82 1499.26 1393.76
188.5 1676.82 1499.26 1393.76
189 1676.08 1500 1395.99
189.5 1680.53 1502.23 1394.5
190 1677.56 1500.74 1394.5
190.5 1679.05 1502.23 1396.73
191 1677.56 1501.49 1394.5
191.5 1677.56 1501.49 1395.25
192 1676.82 1502.23 1396.73
192.5 1678.31 1503.71 1398.96
193 1678.31 1503.71 1399.7
193.5 1677.56 1502.97 1396.73
194 1680.53 1507.43 1405.65
194.5 1677.56 1502.23 1396.73
195 1679.05 1503.71 1398.96
195.5 1679.79 1505.2 1398.96
196 1679.05 1502.97 1395.99
196.5 1682.02 1505.2 1396.73
197 1677.56 1502.97 1396.73
197.5 1680.53 1505.94 1399.7
198 1679.79 1505.2 1400.45
198.5 1680.53 1504.46 1397.47
199 1679.79 1504.46 1396.73
199.5 1678.31 1502.97 1395.99
200 1679.05 1504.46 1398.22
200.5 1679.79 1504.46 1397.47
201 1677.56 1502.23 1395.25
201.5 1678.31 1502.23 1395.25
202 1677.56 1502.23 1395.99
202.5 1679.05 1503.71 1396.73
203 1677.56 1502.23 1396.73
203.5 1678.31 1502.23 1395.25
204 1675.33 1500 1393.02
204.5 1676.82 1501.49 1395.25
205 1678.31 1501.49 1394.5
205.5 1676.82 1501.49 1395.25
206 1675.33 1500 1393.02
206.5 1674.59 1498.51 1392.27
207 1676.82 1500 1393.02
207.5 1673.11 1497.03 1390.79
208 1673.11 1497.77 1392.27
208.5 1673.85 1497.77 1392.27
209 1676.08 1500 1393.76
209.5 1671.62 1494.8 1389.3
210 1670.88 1493.31 1387.07
210.5 1671.62 1493.31 1386.33
211 1670.88 1492.57 1385.59
211.5 1674.59 1496.29 1388.56
212 1673.11 1493.31 1385.59
212.5 1673.11 1493.31 1385.59
213 1673.11 1494.8 1388.56
213.5 1674.59 1496.29 1390.79
214 1672.36 1492.57 1385.59
214.5 1672.36 1492.57 1386.33
215 1671.62 1492.57 1385.59
215.5 1670.88 1491.08 1384.1
216 1671.62 1492.57 1385.59
216.5 1669.39 1490.34 1383.36
217 1670.13 1492.57 1387.07
217.5 1671.62 1493.31 1387.82
218 1670.88 1493.31 1389.3
218.5 1670.88 1492.57 1386.33
219 1673.11 1495.54 1390.04
219.5 1671.62 1494.06 1388.56
220 1672.36 1495.54 1389.3
220.5 1672.36 1496.29 1390.79
221 1672.36 1496.29 1390.04
221.5 1672.36 1495.54 1390.04
222 1670.88 1494.8 1387.82
222.5 1672.36 1495.54 1386.33
223 1670.88 1494.8 1387.07
223.5 1679.79 1505.2 1396.73
224 1672.36 1495.54 1389.3
224.5 1672.36 1496.29 1390.04
225 1669.39 1494.8 1388.56
225.5 1669.39 1494.06 1388.56
226 1670.13 1494.8 1388.56
226.5 1667.9 1492.57 1388.56
227 1667.16 1491.83 1385.59
227.5 1666.42 1491.83 1384.84
228 1665.68 1490.34 1382.62
228.5 1667.16 1491.83 1384.84
229 1666.42 1491.08 1384.1
229.5 1666.42 1491.08 1385.59
230 1667.9 1492.57 1385.59
230.5 1667.16 1491.08 1383.36
231 1666.42 1490.34 1382.62
231.5 1665.68 1489.6 1381.87
232 1664.93 1488.86 1382.62
232.5 1664.93 1489.6 1382.62
233 1664.19 1488.11 1381.13
233.5 1662.7 1485.88 1378.9
234 1664.19 1487.37 1380.39
234.5 1664.19 1488.11 1381.13
235 1667.16 1492.57 1384.84
235.5 1658.99 1482.17 1374.44
236 1662.7 1486.63 1379.64
236.5 1661.22 1485.88 1379.64
237 1660.48 1484.4 1378.16
237.5 1658.25 1481.43 1376.67
238 1658.99 1482.17 1375.93
238.5 1658.99 1481.43 1374.44
239 1658.25 1479.94 1373.7
239.5 1658.25 1479.94 1374.44
240 1657.5 1478.45 1371.47
240.5 1656.02 1477.71 1371.47
241 1656.76 1477.71 1370.73
241.5 1656.02 1477.71 1372.96
242 1656.76 1477.71 1370.73
242.5 1656.02 1476.97 1370.73
243 1656.02 1476.97 1370.73
243.5 1656.02 1476.97 1370.73
244 1655.27 1475.48 1369.99
244.5 1656.02 1476.97 1371.47
245 1655.27 1476.23 1370.73
245.5 1656.02 1476.23 1370.73
246 1656.02 1477.71 1372.21
246.5 1655.27 1476.23 1369.24
247 1655.27 1476.23 1369.24
247.5 1657.5 1478.45 1371.47
248 1656.02 1476.97 1371.47
248.5 1655.27 1476.97 1370.73
249 1655.27 1477.71 1372.21
249.5 1654.53 1477.71 1372.96
250 1656.02 1477.71 1369.99
250.5 1656.76 1479.2 1372.21
251 1656.02 1478.45 1371.47
251.5 1655.27 1478.45 1371.47
252 1656.02 1479.2 1372.21
252.5 1656.02 1480.68 1374.44
253 1653.05 1477.71 1371.47
253.5 1656.76 1478.45 1370.73
254 1653.79 1477.71 1372.96
254.5 1652.3 1476.97 1372.21
255 1653.05 1477.71 1372.21
255.5 1653.05 1477.71 1370.73
256 1655.27 1479.94 1373.7
256.5 1650.82 1475.48 1370.73
257 1650.82 1475.48 1370.73
257.5 1651.56 1476.23 1371.47
258 1650.82 1476.23 1372.21
258.5 1650.82 1475.48 1370.73
259 1650.82 1474 1367.76
259.5 1647.85 1472.51 1369.99
260 1651.56 1476.97 1372.96
260.5 1647.1 1471.77 1367.01
261 1646.36 1471.03 1366.27
261.5 1646.36 1471.03 1366.27
262 1644.87 1469.54 1364.78
262.5 1644.87 1468.8 1363.3
263 1644.13 1468.05 1363.3
263.5 1644.13 1468.8 1363.3
264 1647.85 1474.74 1374.44
264.5 1642.64 1466.57 1363.3
265 1641.16 1465.08 1360.33
265.5 1641.9 1465.08 1359.58
266 1641.9 1464.34 1359.58
266.5 1659.73 1473.25 1363.3
267 1639.67 1462.11 1358.1
267.5 1638.19 1461.37 1356.61
268 1640.42 1462.11 1356.61
268.5 1636.7 1459.14 1353.64
269 1636.7 1459.14 1355.13
269.5 1637.44 1459.14 1353.64
270 1635.22 1456.91 1351.41
270.5 1640.42 1459.14 1352.9
271 1638.93 1459.14 1352.15
271.5 1635.22 1455.42 1349.93
272 1637.44 1457.65 1351.41
272.5 1637.44 1459.88 1355.13
273 1635.22 1456.17 1352.9
273.5 1635.96 1456.17 1350.67
274 1638.19 1457.65 1352.15
274.5 1638.19 1458.4 1353.64
275 1636.7 1457.65 1353.64
275.5 1636.7 1458.4 1353.64
276 1634.47 1456.17 1352.15
276.5 1634.47 1455.42 1349.93
277 1633.73 1454.68 1349.93
277.5 1634.47 1455.42 1349.93
278 1632.24 1453.94 1349.18
278.5 1632.99 1454.68 1349.18
279 1632.24 1455.42 1350.67
279.5 1632.24 1455.42 1349.93
280 1633.73 1455.42 1348.44
280.5 1632.99 1456.91 1352.9
281 1631.5 1454.68 1348.44
281.5 1632.99 1456.17 1349.93
282 1632.99 1453.94 1346.21
282.5 1630.01 1453.94 1348.44
283 1632.24 1455.42 1350.67
283.5 1630.01 1454.68 1350.67
284 1630.76 1456.91 1352.9
284.5 1630.01 1455.42 1349.93
285 1630.76 1454.68 1349.93
285.5 1630.76 1453.94 1348.44
286 1627.79 1452.45 1346.95
286.5 1629.27 1453.94 1350.67
287 1633.73 1453.94 1349.18
287.5 1627.04 1453.94 1351.41
288 1627.79 1453.19 1347.7
288.5 1625.56 1450.97 1346.21
289 1627.04 1452.45 1347.7
289.5 1627.04 1451.71 1348.44
290 1625.56 1450.22 1344.73
290.5 1624.07 1448.74 1343.24
291 1623.33 1449.48 1345.47
291.5 1622.59 1446.51 1341.01
292 1621.84 1447.99 1345.47
292.5 1620.36 1445.02 1341.01
293 1621.1 1446.51 1343.98
293.5 1620.36 1445.77 1341.75
294 1619.61 1444.28 1339.52
294.5 1619.61 1443.54 1339.52
295 1617.38 1441.31 1335.81
295.5 1618.87 1442.05 1336.55
296 1616.64 1439.82 1334.32
296.5 1617.38 1440.56 1335.81
297 1618.87 1443.54 1339.52
297.5 1615.9 1437.59 1332.1
298 1615.16 1436.85 1330.61
298.5 1617.38 1441.31 1338.04
299 1615.16 1437.59 1332.84
299.5 1615.16 1436.11 1330.61
300 1614.41 1435.36 1330.61
300.5 1615.16 1436.11 1331.35
301 1614.41 1435.36 1330.61
301.5 1615.16 1436.85 1332.1
302 1615.16 1436.85 1332.1
302.5 1613.67 1433.88 1328.38
303 1615.16 1434.62 1329.87
303.5 1615.9 1437.59 1332.84
304 1614.41 1435.36 1329.87
304.5 1612.93 1433.88 1329.12
305 1614.41 1435.36 1329.87
305.5 1612.93 1434.62 1329.87
306 1613.67 1434.62 1329.12
306.5 1612.93 1433.88 1328.38
307 1612.93 1435.36 1331.35
307.5 1612.18 1434.62 1329.87
308 1610.7 1432.39 1328.38
308.5 1609.21 1431.65 1326.89
309 1609.21 1431.65 1326.15
309.5 1611.44 1433.14 1327.64
310 1609.96 1432.39 1328.38
310.5 1612.18 1436.85 1331.35
311 1607.73 1431.65 1327.64
311.5 1606.24 1429.42 1325.41
312 1608.47 1431.65 1327.64
312.5 1606.24 1430.16 1326.89
313 1607.73 1430.91 1326.89
313.5 1608.47 1432.39 1328.38
314 1608.47 1432.39 1328.38
314.5 1607.73 1430.91 1326.89
315 1606.24 1430.91 1329.12
315.5 1606.24 1430.91 1329.12
316 1604.75 1429.42 1326.89
316.5 1604.01 1427.93 1325.41
317 1603.27 1428.68 1327.64
317.5 1603.27 1427.93 1324.67
318 1604.75 1428.68 1325.41
318.5 1601.04 1425.71 1321.69
319 1604.01 1427.19 1323.18
319.5 1602.53 1426.45 1321.69
320 1600.3 1424.22 1320.21
320.5 1601.04 1425.71 1321.69
321 1604.01 1426.45 1321.69
321.5 1598.81 1422.73 1317.98
322 1597.33 1421.25 1317.98
322.5 1598.81 1422.73 1318.72
323 1605.5 1424.96 1319.47
323.5 1595.84 1419.76 1317.98
324 1596.58 1419.76 1317.24
324.5 1597.33 1419.76 1317.24
325 1599.55 1421.99 1317.24
325.5 1597.33 1420.51 1316.49
326 1597.33 1419.76 1316.49
326.5 1597.33 1419.02 1315.75
327 1595.84 1418.28 1315.01
327.5 1597.33 1419.02 1313.52
328 1597.33 1418.28 1313.52
328.5 1596.58 1418.28 1315.01
329 1598.07 1419.02 1315.75
329.5 1597.33 1417.53 1313.52
330 1596.58 1416.05 1310.55
330.5 1598.07 1417.53 1312.78
331 1595.1 1415.3 1311.29
331.5 1597.33 1416.79 1312.04
332 1597.33 1417.53 1312.78
332.5 1597.33 1417.53 1312.78
333 1595.84 1416.05 1311.29
333.5 1594.35 1416.05 1314.26
334 1593.61 1414.56 1312.04
334.5 1594.35 1415.3 1311.29
335 1593.61 1415.3 1313.52
335.5 1592.87 1414.56 1311.29
336 1592.87 1414.56 1311.29
336.5 1592.87 1413.82 1310.55
337 1592.12 1413.82 1309.81
337.5 1592.87 1414.56 1310.55
338 1592.12 1413.82 1309.81
338.5 1595.1 1417.53 1312.04
339 1593.61 1416.79 1313.52
339.5 1593.61 1416.79 1315.01
340 1593.61 1416.79 1313.52
340.5 1591.38 1415.3 1312.78
341 1592.12 1416.05 1314.26
341.5 1591.38 1416.05 1313.52
342 1591.38 1415.3 1313.52
342.5 1592.12 1416.05 1313.52
343 1589.15 1413.08 1310.55
343.5 1590.64 1414.56 1311.29
344 1589.9 1413.82 1312.04
344.5 1589.15 1415.3 1315.01
345 1589.15 1413.82 1310.55
345.5 1590.64 1414.56 1312.04
346 1589.9 1414.56 1312.78
346.5 1590.64 1413.82 1309.06
347 1588.41 1411.59 1308.32
347.5 1587.67 1411.59 1308.32
348 1589.15 1413.08 1309.81
348.5 1590.64 1413.82 1309.81
349 1588.41 1413.08 1310.55
349.5 1586.92 1410.85 1308.32
350 1586.92 1410.85 1306.84
350.5 1586.18 1410.1 1306.09
351 1589.15 1412.33 1309.06
351.5 1586.18 1410.1 1306.84
352 1588.41 1411.59 1307.58
352.5 1585.44 1409.36 1306.84
353 1585.44 1409.36 1307.58
353.5 1585.44 1409.36 1306.84
354 1586.92 1409.36 1306.09
354.5 1587.67 1410.85 1307.58
355 1585.44 1408.62 1306.84
355.5 1588.41 1410.85 1307.58
356 1586.18 1408.62 1306.09
356.5 1587.67 1410.85 1308.32
357 1586.18 1408.62 1304.61
357.5 1585.44 1407.88 1304.61
358 1586.18 1408.62 1305.35
358.5 1586.18 1408.62 1306.09
359 1585.44 1406.39 1303.12
359.5 1588.41 1411.59 1308.32
360 1588.41 1410.85 1308.32
360.5 1587.67 1409.36 1306.09
361 1586.92 1409.36 1305.35
361.5 1587.67 1409.36 1306.09
362 1587.67 1409.36 1305.35
362.5 1589.9 1412.33 1309.06
363 1588.41 1410.1 1306.09
363.5 1584.7 1405.65 1301.63
364 1585.44 1407.13 1303.86
364.5 1585.44 1407.13 1303.86
365 1586.92 1410.1 1309.06
365.5 1584.7 1406.39 1303.86
