# Figure 11 - Variations of the mass flux rate in kg day −1 with time from July 1st, 2013 to June 30th, 2014 for different radiant sources - values shown for preferred solution, Fcoll=20, alpha=4.0
# Days after July 1st, Total flux, Anti-helion source, Apex source, Helion source, Anti-apex source
0.5 1406.39 403.12 384.324 489.673 128.975
1 1409.36 404.681 377.86 491.976 134.547
1.5 1405.65 406.018 368.722 491.159 139.747
2 1405.65 407.429 362.259 490.565 145.171
2.5 1406.39 409.881 358.395 486.256 151.932
3 1406.39 412.481 354.681 482.987 156.241
3.5 1407.88 416.642 350.594 478.752 161.738
4 1405.65 420.505 345.468 474.517 165.007
4.5 1410.1 423.7 342.868 473.626 169.837
5 1407.13 427.489 339.376 467.608 172.511
5.5 1404.9 431.426 337.519 461.367 174.889
6 1405.65 435.364 336.404 455.646 178.455
6.5 1404.9 439.227 334.25 452.377 179.272
7 1405.65 444.651 333.432 447.177 180.386
7.5 1407.13 447.028 335.29 440.565 183.952
8 1405.65 452.823 332.838 438.039 181.872
8.5 1405.65 456.241 334.473 433.655 181.352
9 1405.65 461.59 334.175 429.198 180.684
9.5 1404.16 468.276 334.324 424.368 177.489
10 1405.65 471.694 336.33 421.768 175.483
10.5 1404.9 476.226 338.633 417.013 173.328
11 1406.39 483.952 340.936 412.184 169.242
11.5 1406.39 487.89 344.279 408.767 165.676
12 1404.9 489.822 347.623 405.201 161.961
12.5 1405.65 493.982 352.526 402.006 156.984
13 1405.65 499.108 355.869 398.514 152.006
13.5 1407.13 502.303 362.704 395.914 145.914
14 1406.39 504.309 369.168 393.685 139.599
14.5 1405.65 504.458 375.037 392.496 133.655
15 1407.13 503.715 384.547 391.382 127.415
15.5 1407.13 502.452 392.645 389.45 122.734
16 1409.36 500.743 400.966 388.336 119.465
16.5 1407.88 496.285 408.47 388.187 115.156
17 1407.88 493.091 414.71 388.93 111.218
17.5 1410.1 490.193 422.288 389.525 107.801
18 1407.88 484.918 429.198 390.193 103.566
18.5 1407.88 479.866 437.073 391.976 98.8856
19 1408.62 473.923 442.868 395.468 96.1367
19.5 1412.33 471.1 451.04 397.4 93.1649
20 1408.62 459.733 454.458 402.229 91.8276
20.5 1407.88 453.343 458.544 406.166 89.8217
21 1410.85 446.062 463.596 410.921 90.1932
21.5 1408.62 440.119 463.076 417.533 87.5929
22 1409.36 434.398 465.973 422.883 86.4042
22.5 1409.36 426.3 465.973 429.569 87.4443
23 1410.1 420.951 466.568 435.958 86.3299
23.5 1410.85 414.042 461.441 446.137 89.5245
24 1412.33 411.441 462.036 448.811 89.7474
24.5 1409.36 406.686 456.092 455.498 91.159
25 1410.1 402.6 450.743 463.447 93.3878
25.5 1410.85 399.257 445.394 470.208 95.6909
26 1410.85 396.805 438.707 476.374 98.5884
26.5 1412.33 394.577 433.358 481.947 102.155
27 1413.08 392.199 427.489 488.41 104.903
27.5 1412.33 392.273 420.357 491.679 107.727
28 1410.85 391.679 411.961 495.84 111.441
28.5 1413.82 391.308 407.058 499.777 115.825
29 1413.08 390.713 397.103 505.349 119.762
29.5 1412.33 391.233 392.571 504.829 123.997
30 1413.08 392.719 383.878 507.504 128.678
30.5 1413.08 394.205 377.043 507.949 133.581
31 1414.56 395.617 372.66 508.024 138.336
31.5 1416.79 397.177 367.162 508.172 144.056
32 1413.82 398.737 361.07 503.789 150.149
32.5 1413.82 401.337 357.207 501.412 153.64
33 1413.08 403.938 352.675 497.4 159.138
33.5 1413.08 407.132 348.886 494.131 163.001
34 1410.85 410.327 345.319 488.93 166.048
34.5 1410.1 413.596 342.125 484.324 170.059
35 1412.33 417.236 341.902 480.163 173.403
35.5 1411.59 421.545 339.302 474.146 176.3
36 1410.85 425.557 336.404 469.614 178.9
36.5 1410.85 430.981 334.324 465.007 180.758
37 1411.59 435.884 334.621 459.955 180.832
37.5 1410.85 439.599 331.278 454.903 184.844
38 1414.56 440.862 331.501 445.765 196.508
38.5 1410.85 451.114 336.033 443.982 179.941
39 1412.33 455.349 339.153 440.416 177.489
39.5 1410.85 459.658 338.113 436.107 176.746
40 1409.36 463.744 338.782 431.947 175.037
40.5 1410.85 472.808 341.159 427.117 169.539
41 1413.08 476.597 347.251 423.477 165.527
41.5 1412.33 480.238 349.851 419.688 162.407
42 1412.33 482.615 356.686 416.122 156.984
42.5 1413.82 485.29 363.001 412.036 153.195
43 1413.82 487.593 370.059 410.55 145.691
43.5 1415.3 490.639 375.854 409.361 139.673
44 1416.05 493.759 382.987 406.761 132.764
44.5 1415.3 492.496 390.788 404.532 127.192
45 1417.53 489.97 402.377 402.897 121.917
45.5 1419.02 488.633 411.441 401.486 117.162
46 1419.76 485.661 418.276 401.486 114.19
46.5 1421.25 481.798 428.529 401.783 108.99
47 1419.76 477.415 434.473 403.046 105.052
47.5 1418.28 472.214 440.713 404.458 101.263
48 1435.36 479.049 449.926 408.247 98.1426
48.5 1420.51 462.11 453.418 409.435 95.3938
49 1422.73 452.823 465.082 410.55 94.1308
49.5 1424.22 448.068 467.013 418.128 90.8618
50 1423.48 442.422 468.945 422.214 89.9703
50.5 1424.96 434.621 472.734 430.163 87.2214
51 1424.96 429.049 474.963 435.29 85.8098
51.5 1425.71 422.66 474.146 440.788 88.1129
52 1424.22 417.162 476.449 444.279 86.4042
52.5 1426.45 412.63 473.626 451.932 88.4101
53 1427.19 408.024 469.911 459.361 89.5245
53.5 1426.45 402.897 466.122 466.939 90.5646
54 1426.45 398.96 462.036 473.254 91.9762
54.5 1427.19 395.394 459.584 478.603 93.9079
55 1425.71 392.793 450.892 485.884 96.211
55.5 1427.19 390.193 445.542 492.422 98.6627
56 1425.71 387.964 439.302 497.103 101.634
56.5 1425.71 386.999 430.981 503.492 104.383
57 1427.19 385.81 425.483 508.098 107.875
57.5 1427.19 385.81 417.905 511.516 111.887
58 1427.19 385.661 410.847 515.453 115.527
58.5 1429.42 385.438 405.572 518.796 119.242
59 1430.91 386.256 400.149 521.174 123.031
59.5 1427.93 387.073 391.382 522.585 126.969
60 1427.93 387.667 384.621 523.031 132.392
60.5 1426.45 389.376 378.455 522.065 136.701
61 1428.68 390.119 375.632 522.66 140.267
61.5 1426.45 392.496 368.648 520.134 145.394
62 1428.68 395.022 364.042 518.871 150.817
62.5 1428.68 397.474 361.367 514.859 155.126
63 1427.93 400.52 356.612 509.955 161.144
63.5 1427.19 404.086 351.189 507.207 164.562
64 1427.93 407.801 348.366 503.492 168.128
64.5 1427.19 411.218 345.394 499.703 170.802
65 1427.19 416.27 343.685 493.016 173.997
65.5 1429.42 420.357 344.131 487.667 177.266
66 1427.93 425.632 342.571 481.352 178.455
66.5 1429.42 430.758 343.314 477.563 178.083
67 1431.65 434.695 344.428 471.991 180.312
67.5 1429.42 440.342 344.131 465.825 179.346
68 1430.91 446.36 345.542 458.395 180.461
68.5 1431.65 450.371 345.765 457.949 177.192
69 1431.65 452.972 345.84 452.972 180.089
69.5 1433.88 461.738 350.817 445.542 175.929
70 1432.39 469.391 352.897 440.936 169.242
70.5 1433.14 470.728 358.692 437.073 166.493
71 1432.39 474.071 361.59 432.987 163.447
71.5 1433.14 480.906 366.939 429.198 156.018
72 1434.62 484.473 373.254 426.374 150.371
72.5 1434.62 487.296 378.752 422.957 145.542
73 1434.62 487.147 389.079 420.951 137.593
73.5 1433.88 488.559 394.056 419.837 131.649
74 1433.14 490.267 400.669 417.831 124.517
74.5 1434.62 488.336 413.522 413.893 118.574
75 1435.36 483.73 422.585 413.299 115.379
75.5 1435.36 482.021 431.278 412.63 109.807
76 1436.11 476.3 439.747 414.264 106.018
76.5 1438.34 471.1 449.183 414.71 103.566
77 1436.85 465.156 454.458 417.831 99.4799
77.5 1437.59 461.293 459.658 420.579 96.2853
78 1441.31 454.309 470.208 421.991 94.948
78.5 1440.56 448.588 473.477 426.152 92.422
79 1440.56 443.314 475.186 431.055 91.4562
79.5 1442.79 438.782 480.386 437.073 86.3299
80 1443.54 432.095 483.581 440.788 87.2957
80.5 1444.28 426.523 483.061 445.84 89.0045
81 1445.77 420.877 486.107 450.966 87.5929
81.5 1445.77 415.973 483.21 459.361 87.2957
82 1445.77 411.07 480.609 466.196 87.8158
82.5 1446.51 406.909 477.563 473.031 89.0045
83 1447.99 402.823 476.077 478.9 90.3418
83.5 1447.99 398.588 471.248 486.701 91.679
84 1462.85 396.731 469.614 502.526 93.8336
84.5 1449.48 392.942 462.63 498.217 95.9138
85 1449.48 390.193 456.835 504.235 98.5141
85.5 1449.48 388.707 450.817 509.807 100.52
86 1451.71 387.593 443.388 517.459 103.418
86.5 1450.97 386.404 436.478 521.917 106.315
87 1450.22 386.033 429.718 524.443 109.881
87.5 1452.45 385.513 423.848 529.049 114.339
88 1450.97 385.067 417.088 532.392 116.716
88.5 1450.22 385.884 409.955 533.358 120.802
89 1450.22 386.627 402.823 536.033 124.814
89.5 1452.45 387.444 397.845 536.924 130.015
90 1449.48 388.782 390.416 536.627 133.952
90.5 1450.97 389.97 385.513 536.256 139.376
91 1450.22 392.645 379.718 534.101 143.462
91.5 1450.22 394.948 375.929 530.238 149.257
92 1448.74 397.325 370.059 527.637 153.863
92.5 1450.97 401.04 366.419 525.186 158.47
93 1449.48 404.755 363.373 518.648 162.556
93.5 1448.74 407.801 359.064 515.825 165.75
94 1450.22 412.184 358.544 509.138 169.985
94.5 1450.22 415.825 355.423 505.052 173.923
95 1450.22 421.917 353.195 499.331 175.854
95.5 1450.22 426.523 352.006 493.685 177.786
96 1449.48 432.392 349.703 488.707 178.826
96.5 1451.71 437.964 351.783 481.278 180.906
97 1451.71 443.759 350.371 476.672 181.055
97.5 1452.45 448.291 353.418 470.431 180.238
98 1451.71 454.829 354.383 464.487 177.712
98.5 1451.71 460.475 360.698 456.686 173.626
99 1451.71 466.196 359.361 453.789 172.214
99.5 1451.71 470.951 363.15 449.629 167.608
100 1450.97 477.637 365.75 443.908 163.67
100.5 1451.71 479.941 370.728 441.01 160.253
101 1452.45 484.77 376.895 436.999 153.418
101.5 1455.42 490.119 382.912 433.507 148.811
102 1455.42 489.376 391.456 431.129 143.388
102.5 1456.17 493.016 398.217 427.86 137.147
103 1456.91 493.314 407.578 426.895 128.9
103.5 1457.65 493.239 417.608 424.443 122.214
104 1457.65 488.856 429.495 422.585 116.939
104.5 1459.14 487.519 435.958 421.545 114.264
105 1458.4 483.135 443.462 421.62 110.03
105.5 1459.88 479.866 451.634 422.437 106.092
106 1458.4 475.483 458.098 423.18 101.709
106.5 1460.62 467.979 465.825 425.409 101.189
107 1461.37 460.847 477.563 427.192 95.6909
107.5 1462.11 458.395 477.489 432.912 93.5364
108 1463.6 455.498 481.798 436.33 89.8217
108.5 1464.34 448.217 486.701 439.45 89.8217
109 1466.57 441.01 491.976 444.354 89.0788
109.5 1468.8 429.272 511.293 440.639 87.2214
110 1468.05 430.981 495.394 453.789 87.5929
110.5 1471.03 425.929 496.508 460.104 88.5587
111 1468.8 421.768 495.617 464.19 87.2957
111.5 1468.05 416.716 492.645 471.322 87.4443
112 1471.03 412.63 491.233 478.455 88.7073
112.5 1469.54 408.544 486.627 483.952 90.1932
113 1471.03 404.903 484.993 490.936 89.9703
113.5 1469.54 402.155 479.421 496.137 92.1991
114 1471.03 399.777 475.111 501.709 94.2051
114.5 1476.23 397.92 471.248 510.253 97.1025
115 1471.03 396.062 464.19 512.704 98.2169
115.5 1473.25 393.982 460.178 517.979 100.743
116 1474 392.942 451.857 523.923 105.201
116.5 1472.51 391.605 445.691 527.563 107.949
117 1471.77 391.456 439.302 530.906 110.327
117.5 1472.51 391.753 432.987 533.581 113.967
118 1474 392.125 427.935 536.553 117.385
118.5 1471.77 393.239 418.796 538.559 121.322
119 1474 394.205 412.556 541.456 125.929
119.5 1471.77 394.799 406.166 539.896 130.906
120 1473.25 396.36 401.412 540.342 135.141
120.5 1472.51 398.44 394.651 538.633 140.936
121 1472.51 401.337 388.113 536.85 145.84
121.5 1474.74 404.383 384.695 534.621 150.892
122 1473.25 407.652 381.204 528.752 156.018
122.5 1472.51 411.07 375.557 525.409 160.698
123 1471.77 414.933 372.437 520.208 164.413
123.5 1473.25 419.242 370.282 515.899 168.053
124 1474 424.294 365.899 512.259 171.62
124.5 1471.77 428.38 363.224 505.795 174.22
125 1474.74 434.175 366.048 496.657 177.712
125.5 1471.77 441.085 361.07 491.233 178.009
126 1471.03 447.4 360.401 484.695 178.306
126.5 1471.77 450.966 359.064 482.615 179.346
127 1472.51 460.327 362.927 471.471 177.563
127.5 1471.77 465.75 362.333 467.533 176.003
128 1473.25 472.437 366.568 459.361 174.74
128.5 1474 475.483 373.403 452.377 172.883
129 1471.77 484.101 370.282 449.703 167.459
129.5 1474.74 488.633 378.752 444.874 162.853
130 1474 494.577 385.364 438.633 155.423
130.5 1474 497.623 389.525 436.478 150.297
131 1474.74 500.074 395.914 433.432 145.097
131.5 1477.71 505.126 402.006 429.792 140.565
132 1478.45 505.944 410.55 429.421 132.392
132.5 1478.45 505.052 419.242 427.489 126.597
133 1479.2 504.606 430.015 424.889 120.059
133.5 1479.94 500.892 441.233 422.66 115.156
134 1482.17 500.594 448.737 420.579 112.259
134.5 1480.68 493.091 458.47 421.62 107.504
135 1483.66 489.153 467.459 422.288 104.681
135.5 1484.4 485.364 473.477 423.848 101.634
136 1483.66 480.461 479.198 426.3 97.6969
136.5 1484.4 475.854 485.438 428.158 94.948
137 1485.14 469.614 490.565 430.609 94.1308
137.5 1486.63 468.128 498.737 430.238 89.7474
138 1487.37 460.253 499.777 438.782 88.4101
138.5 1487.37 454.755 502.006 441.902 88.633
139 1488.86 448.44 504.309 448.44 87.89
139.5 1491.08 443.759 507.578 451.709 87.8158
140 1489.6 438.336 508.098 456.241 87.2214
140.5 1490.34 433.135 504.458 466.642 85.8841
141 1490.34 430.089 506.389 466.865 86.8499
141.5 1490.34 425.854 505.201 471.62 87.8158
142 1492.57 421.991 502.377 478.083 89.896
142.5 1491.83 418.053 498.514 484.77 90.1932
143 1490.34 415.973 493.016 490.267 91.0847
143.5 1493.31 413.373 490.045 495.319 94.4279
144 1489.6 410.698 483.358 500.149 95.2452
144.5 1489.6 408.544 477.637 505.795 97.3997
145 1490.34 406.909 472.288 511.293 99.6285
145.5 1489.6 405.201 467.311 514.636 102.303
146 1491.08 404.606 462.036 519.688 104.681
146.5 1490.34 403.566 453.938 524.071 108.47
147 1492.57 403.418 449.554 527.415 111.813
147.5 1492.57 403.492 442.496 531.947 115.007
148 1493.31 404.16 434.844 535.438 119.168
148.5 1491.08 405.349 427.043 535.884 122.883
149 1492.57 407.355 420.059 537.37 128.083
149.5 1489.6 408.544 411.59 535.661 134.027
150 1489.6 410.104 405.721 534.695 138.707
150.5 1491.83 412.407 400.966 533.358 144.725
151 1491.83 415.527 396.805 529.643 149.629
151.5 1490.34 418.648 390.713 526.226 154.532
152 1492.57 423.031 388.336 521.025 160.03
152.5 1488.86 427.117 381.724 516.493 163.67
153 1490.34 431.575 377.563 513.299 168.128
153.5 1488.11 437.593 374.666 504.16 171.768
154 1488.11 443.239 373.031 498.068 173.848
154.5 1490.34 448.737 370.505 493.091 177.712
155 1490.34 455.572 368.722 485.215 180.609
155.5 1487.37 461.59 367.756 479.346 178.975
156 1490.34 469.019 372.883 468.574 179.495
156.5 1493.31 476.523 374.22 463.596 179.272
157 1491.83 481.724 375.706 458.767 175.334
157.5 1489.6 487.37 377.266 450.892 174.294
158 1488.11 495.691 378.975 444.354 169.316
158.5 1490.34 501.04 383.358 439.747 165.973
159 1491.08 507.281 387.444 435.364 161.218
159.5 1491.08 511.738 393.536 431.501 154.086
160 1490.34 514.71 398.737 427.563 149.554
160.5 1493.31 517.533 406.018 425.037 145.022
161 1493.31 520.877 411.441 422.883 138.039
161.5 1494.06 520.802 421.248 420.431 131.426
162 1498.51 524.146 429.569 419.019 125.632
162.5 1497.03 521.471 439.747 417.162 118.722
163 1498.51 517.236 450.297 415.973 114.933
163.5 1499.26 515.082 457.727 415.305 110.773
164 1500.74 511.144 467.905 414.413 106.984
164.5 1498.51 506.909 471.025 416.865 103.938
165 1500 504.681 476.672 417.311 101.263
165.5 1500.74 498.217 485.141 418.945 98.2912
166 1500.74 493.388 491.53 421.322 94.6508
166.5 1500.74 486.553 496.508 423.997 93.4621
167 1499.26 482.169 499.629 426.077 91.5305
167.5 1500.74 475.557 505.052 429.198 90.7132
168 1500.74 472.065 506.092 433.358 89.153
168.5 1502.23 465.602 512.704 435.29 88.7816
169 1501.49 462.927 512.407 441.01 85.2897
169.5 1502.97 456.389 518.425 442.273 85.5126
170 1502.23 452.749 513.744 448.663 86.7013
170.5 1502.23 447.845 513.447 454.383 86.627
171 1502.23 443.982 512.036 459.807 86.627
171.5 1504.46 439.599 513.224 464.042 87.7415
172 1502.97 436.181 508.618 469.465 88.9302
172.5 1502.23 432.838 504.532 474.74 90.416
173 1502.23 429.643 499.629 480.684 91.9762
173.5 1503.71 426.746 496.508 485.81 94.3536
174 1502.97 424.666 491.456 490.49 96.1367
174.5 1502.23 422.808 486.553 494.948 98.0684
175 1505.94 421.397 483.581 500.743 100.223
175.5 1500 420.282 473.477 503.418 102.972
176 1500 419.316 465.676 508.767 106.166
176.5 1500.74 419.316 459.435 512.63 109.658
177 1500 419.242 451.56 515.75 113.819
177.5 1500 419.539 442.868 519.391 117.905
178 1500 420.134 436.404 521.397 122.14
178.5 1499.26 421.322 427.415 521.991 128.232
179 1499.26 422.288 419.168 522.883 135.215
179.5 1501.49 424.071 413.819 523.403 140.119
180 1502.23 426.374 409.064 520.282 146.508
180.5 1498.51 430.015 400.52 517.088 151.114
181 1498.51 433.284 397.028 512.259 156.166
181.5 1499.26 437.519 391.308 508.098 162.036
182 1500.74 441.902 388.484 503.343 166.939
182.5 1498.51 446.434 385.067 498.143 169.242
183 1500 452.6 380.758 492.422 173.997
183.5 1500 458.767 379.123 484.918 177.117
184 1499.26 465.676 372.511 479.643 181.501
184.5 1498.51 472.66 374.146 471.322 180.089
185 1498.51 480.535 373.254 465.082 179.792
185.5 1497.77 486.701 373.328 456.612 180.832
186 1500.74 493.239 372.14 450 185.215
186.5 1499.26 500.297 376.895 444.577 177.86
187 1499.26 507.652 380.163 438.113 173.626
187.5 1500.74 513.819 385.736 432.021 169.316
188 1499.26 519.985 386.478 426.226 166.419
188.5 1499.26 524.74 391.382 422.214 160.698
189 1500 529.198 397.548 417.905 155.275
189.5 1502.23 534.175 403.64 414.785 149.554
190 1500.74 536.85 408.47 410.773 144.948
190.5 1502.23 541.01 413.819 408.395 139.079
191 1501.49 541.382 421.62 406.686 131.798
191.5 1501.49 540.788 429.569 405.423 125.854
192 1502.23 539.525 437.073 404.978 120.282
192.5 1503.71 535.81 448.217 404.16 115.23
193 1503.71 534.77 453.269 403.863 111.738
193.5 1502.97 529.792 460.624 403.938 108.247
194 1507.43 526.374 470.654 403.64 107.132
194.5 1502.23 521.248 475.706 404.309 101.04
195 1503.71 516.196 482.318 406.018 99.4056
195.5 1505.2 511.738 489.896 407.207 96.2853
196 1502.97 506.389 493.239 408.247 95.0223
196.5 1505.2 501.04 500 411.218 92.7935
197 1502.97 496.805 501.04 413.819 91.3819
197.5 1505.94 493.016 505.944 416.196 90.8618
198 1505.2 486.181 509.881 420.208 89.2273
198.5 1504.46 482.392 510.253 423.18 88.7073
199 1504.46 476.597 512.779 427.786 87.0728
199.5 1502.97 471.768 511.293 432.912 86.7013
200 1504.46 466.345 514.042 438.113 85.8098
200.5 1504.46 462.853 514.042 440.936 86.7013
201 1502.23 458.915 510.253 446.285 86.4042
201.5 1502.23 454.16 508.767 450.817 88.7816
202 1502.23 449.257 507.058 455.572 90.4903
202.5 1503.71 446.657 505.572 460.104 91.0847
203 1502.23 442.422 498.663 466.79 94.7251
203.5 1502.23 440.119 494.131 472.957 95.0966
204 1500 439.004 487.816 476.449 96.9539
204.5 1501.49 436.553 485.661 480.238 98.9599
205 1501.49 434.993 477.935 484.993 103.715
205.5 1501.49 433.952 472.585 488.93 106.166
206 1500 433.135 464.264 492.645 109.881
206.5 1498.51 432.467 456.761 497.103 112.036
207 1500 433.952 447.771 501.189 117.236
207.5 1497.03 435.364 435.81 503.938 121.62
208 1497.77 435.587 430.015 503.789 128.232
208.5 1497.77 437.221 420.877 505.498 134.547
209 1500 439.599 416.716 502.229 141.159
209.5 1494.8 440.713 406.166 501.932 146.36
210 1493.31 443.611 399.406 499.034 151.56
210.5 1493.31 446.36 393.239 495.394 158.395
211 1492.57 450.817 388.707 490.119 162.853
211.5 1496.29 456.315 387.221 486.33 166.79
212 1493.31 459.881 382.095 480.684 170.505
212.5 1493.31 467.088 376.597 475.557 173.997
213 1494.8 471.842 371.248 466.196 185.81
213.5 1496.29 481.278 369.539 462.333 183.284
214 1492.57 486.701 368.128 453.789 184.101
214.5 1492.57 492.571 370.208 448.737 181.129
215 1492.57 502.452 369.539 442.273 178.38
215.5 1491.08 506.612 371.248 435.29 177.935
216 1492.57 518.276 371.694 427.117 175.334
216.5 1490.34 522.065 374.22 423.031 171.322
217 1492.57 528.752 378.38 417.385 167.756
217.5 1493.31 535.884 382.318 412.11 163.076
218 1493.31 539.45 386.924 408.024 159.212
218.5 1492.57 543.165 391.53 404.16 153.863
219 1495.54 549.257 396.36 400.743 149.48
219.5 1494.06 551.114 402.526 397.623 142.793
220 1495.54 554.606 408.098 395.765 137.073
220.5 1496.29 554.903 416.716 393.314 131.352
221 1496.29 555.201 422.14 392.051 126.597
221.5 1495.54 554.681 428.603 390.565 121.842
222 1494.8 551.783 436.033 389.525 117.162
222.5 1495.54 550.149 443.016 389.227 112.927
223 1494.8 545.171 450.892 388.782 109.733
223.5 1505.2 542.051 467.311 389.079 106.464
224 1495.54 537.444 465.156 389.673 103.492
224.5 1496.29 535.29 470.357 390.193 100.446
225 1494.8 530.089 474.963 391.382 98.1426
225.5 1494.06 523.7 482.467 393.016 95.0223
226 1494.8 518.945 486.999 395.542 93.4621
226.5 1492.57 514.636 488.633 397.623 91.9019
227 1491.83 507.132 493.239 400.594 90.6389
227.5 1491.83 502.823 495.84 403.863 89.0045
228 1490.34 496.657 497.92 407.355 88.4844
228.5 1491.83 491.828 501.114 410.401 88.1129
229 1491.08 484.844 502.675 414.264 89.4502
229.5 1491.08 481.501 505.275 418.276 86.1813
230 1492.57 475.78 505.721 422.808 88.3358
230.5 1491.08 470.877 505.052 427.192 87.6672
231 1490.34 465.527 502.675 432.318 89.5245
231.5 1489.6 462.11 501.04 437.519 88.8559
232 1488.86 458.544 497.623 441.902 91.159
232.5 1489.6 453.789 494.428 446.805 94.5022
233 1488.11 451.709 487.667 453.566 94.8737
233.5 1485.88 449.183 482.615 457.652 96.6568
234 1487.37 445.171 481.724 461.293 99.4056
234.5 1488.11 445.097 471.248 468.499 103.418
235 1492.57 443.388 466.79 476.003 106.092
235.5 1482.17 442.868 453.715 476.82 108.915
236 1486.63 442.273 449.183 480.609 114.859
236.5 1485.88 442.348 441.382 484.25 117.608
237 1484.4 444.131 430.684 486.701 122.66
237.5 1481.43 445.542 418.351 487.741 130.089
238 1482.17 445.542 410.253 489.302 136.776
238.5 1481.43 447.177 407.132 484.918 141.902
239 1479.94 449.108 397.994 485.736 147.028
239.5 1479.94 449.703 390.342 488.113 151.932
240 1478.45 454.16 384.473 480.684 159.287
240.5 1477.71 459.435 379.421 474.74 164.042
241 1477.71 463.447 370.431 469.168 174.591
241.5 1477.71 470.208 367.533 465.602 174.146
242 1477.71 475.78 362.63 458.247 180.684
242.5 1476.97 482.021 360.996 452.377 181.278
243 1476.97 490.936 359.287 444.577 181.872
243.5 1476.97 494.725 361.664 439.376 181.426
244 1475.48 502.006 358.618 433.061 182.021
244.5 1476.97 509.584 360.55 426.226 180.461
245 1476.23 518.796 360.921 419.242 177.34
245.5 1476.23 521.322 364.19 414.339 176.003
246 1477.71 528.826 367.459 409.064 172.585
246.5 1476.23 534.547 367.608 404.978 168.871
247 1476.23 540.713 371.397 399.851 164.116
247.5 1478.45 545.617 376.523 395.988 160.03
248 1476.97 550.892 379.346 392.422 154.458
248.5 1476.97 553.64 383.655 389.153 150.371
249 1477.71 557.504 390.267 385.958 144.131
249.5 1477.71 559.658 396.36 383.21 138.633
250 1477.71 561.144 401.412 381.204 133.581
250.5 1479.2 560.773 408.767 380.163 129.421
251 1478.45 560.55 416.642 378.38 122.883
251.5 1478.45 558.618 422.585 377.712 119.391
252 1479.2 556.612 430.238 377.192 115.23
252.5 1480.68 553.938 437.37 376.82 112.407
253 1477.71 549.777 441.976 376.597 109.138
253.5 1478.45 547.325 448.663 376.82 105.944
254 1477.71 542.645 454.606 378.158 102.6
254.5 1476.97 537.073 460.847 379.049 100.297
255 1477.71 532.689 467.608 380.684 97.0282
255.5 1477.71 526.597 473.031 382.244 95.5423
256 1479.94 522.14 480.163 384.844 92.7935
256.5 1475.48 516.939 479.123 387.147 92.2734
257 1475.48 509.881 485.587 389.896 90.3418
257.5 1476.23 502.452 491.159 393.016 89.8217
258 1476.23 499.48 491.233 396.36 88.8559
258.5 1475.48 494.056 492.422 400.149 88.7816
259 1474 486.776 493.536 405.052 88.4844
259.5 1472.51 480.981 493.165 410.475 88.2615
260 1476.97 477.117 496.805 414.785 88.2615
260.5 1471.77 470.431 493.165 419.614 88.8559
261 1471.03 465.899 490.342 424.294 90.6389
261.5 1471.03 461.59 488.41 429.941 91.0104
262 1469.54 457.058 483.507 434.918 94.0565
262.5 1468.8 452.155 478.975 438.782 98.8856
263 1468.05 450.966 472.585 445.988 98.2912
263.5 1468.8 447.177 467.905 451.783 101.634
264 1474.74 444.428 465.305 460.996 103.789
264.5 1466.57 444.799 453.492 461.813 106.835
265 1465.08 443.165 445.542 466.122 110.327
265.5 1465.08 442.942 438.633 468.648 114.71
266 1464.34 443.462 428.678 473.7 118.796
266.5 1473.25 446.805 425.111 476.152 125.26
267 1462.11 443.536 405.201 476.3 137.37
267.5 1461.37 446.36 399.331 477.563 138.039
268 1462.11 448.514 394.948 474.591 144.354
268.5 1459.14 448.514 384.993 473.997 151.486
269 1459.14 452.229 378.455 469.242 159.435
269.5 1459.14 457.578 371.174 465.825 164.339
270 1456.91 462.556 365.305 459.212 169.762
270.5 1459.14 467.236 362.704 455.795 173.626
271 1459.14 470.728 362.11 450.371 175.78
271.5 1455.42 476.077 353.046 446.657 179.866
272 1457.65 482.244 354.532 439.97 181.204
272.5 1459.88 491.902 352.377 433.061 182.244
273 1456.17 492.273 351.932 428.752 183.135
273.5 1456.17 500.892 351.634 421.842 181.649
274 1457.65 509.212 351.932 416.048 180.609
274.5 1458.4 515.156 353.343 410.996 178.678
275 1457.65 522.957 352.155 405.721 176.746
275.5 1458.4 527.34 357.504 400.446 172.883
276 1456.17 532.021 358.99 395.468 169.614
276.5 1455.42 536.999 360.253 391.605 166.419
277 1454.68 542.868 363.447 387.816 160.847
277.5 1455.42 545.914 367.311 384.844 157.207
278 1453.94 550.149 371.694 381.352 151.114
278.5 1454.68 553.343 376.449 378.603 146.211
279 1455.42 554.16 383.135 376.895 141.085
279.5 1455.42 556.538 388.633 374.146 135.81
280 1455.42 557.429 393.016 372.883 132.244
280.5 1456.91 558.692 398.811 371.768 127.637
281 1454.68 555.572 405.349 370.654 122.808
281.5 1456.17 554.309 412.704 370.357 118.648
282 1453.94 551.412 417.533 370.134 115.23
282.5 1453.94 548.514 424.443 369.539 111.738
283 1455.42 546.211 430.981 369.762 108.767
283.5 1454.68 542.719 436.478 370.282 105.126
284 1456.91 536.999 445.542 371.842 102.377
284.5 1455.42 533.358 449.926 372.66 99.1828
285 1454.68 527.117 456.166 374.517 97.2511
285.5 1453.94 520.134 460.847 376.969 95.9881
286 1452.45 513.893 465.379 379.495 93.4621
286.5 1453.94 508.767 470.505 382.541 92.4963
287 1453.94 502.6 475.483 385.661 90.5646
287.5 1453.94 495.988 478.083 389.302 90.1932
288 1453.19 489.376 479.941 394.131 89.4502
288.5 1450.97 481.947 480.906 398.96 89.2273
289 1452.45 476.226 482.169 404.16 89.8217
289.5 1451.71 471.248 482.764 408.544 89.3016
290 1450.22 464.636 481.798 413.744 89.8217
290.5 1448.74 459.212 480.906 418.722 89.6731
291 1449.48 453.863 479.123 423.477 92.6449
291.5 1446.51 450 471.917 429.941 94.7994
292 1447.99 446.062 471.842 434.175 95.6909
292.5 1445.02 443.462 462.11 442.125 97.2511
293 1446.51 440.565 454.681 448.514 102.972
293.5 1445.77 438.039 449.034 453.343 104.978
294 1444.28 436.404 441.085 457.058 109.51
294.5 1443.54 436.478 434.175 461.887 111.293
295 1441.31 436.33 423.328 464.785 116.865
295.5 1442.05 435.884 415.899 468.648 121.545
296 1439.82 438.41 403.863 470.579 127.192
296.5 1440.56 438.484 393.982 473.848 134.324
297 1443.54 437.741 387.147 477.266 141.159
297.5 1437.59 439.599 377.415 472.511 148.366
298 1436.85 443.239 373.328 465.527 154.606
298.5 1441.31 447.623 367.533 463.744 162.259
299 1437.59 447.474 356.464 457.207 176.152
299.5 1436.11 456.389 355.423 454.606 170.059
300 1435.36 459.881 352.897 451.114 171.842
300.5 1436.11 465.602 349.257 446.137 175.111
301 1435.36 471.397 345.022 439.599 179.421
301.5 1436.85 475.557 343.685 435.067 182.392
302 1436.85 480.163 344.131 429.198 183.135
302.5 1433.88 488.484 339.376 422.511 183.507
303 1434.62 492.422 340.639 417.682 183.878
303.5 1437.59 499.331 341.01 411.664 185.736
304 1435.36 504.978 342.868 407.652 179.866
304.5 1433.88 509.733 343.908 402.972 177.415
305 1435.36 514.859 346.36 397.771 176.3
305.5 1434.62 520.431 349.183 393.685 171.248
306 1434.62 525.334 352.6 389.896 167.013
306.5 1433.88 529.495 355.944 385.661 162.704
307 1435.36 534.027 358.915 383.135 158.99
307.5 1434.62 537.667 362.704 379.718 154.532
308 1432.39 542.125 364.785 377.266 148.366
308.5 1431.65 544.428 368.574 375.037 143.388
309 1431.65 544.502 373.848 373.848 139.153
309.5 1433.14 545.542 380.981 372.214 134.473
310 1432.39 546.137 386.478 371.1 128.826
310.5 1436.85 549.406 393.016 369.911 124.517
311 1431.65 544.354 398.886 368.425 119.614
311.5 1429.42 539.822 404.903 368.276 116.419
312 1431.65 536.999 412.259 368.128 113.893
312.5 1430.16 533.21 418.648 368.722 109.733
313 1430.91 530.015 424.889 369.465 106.538
313.5 1432.39 525.557 432.541 370.802 103.64
314 1432.39 520.802 438.559 372.065 100.669
314.5 1430.91 516.196 442.273 373.477 98.8856
315 1430.91 509.064 448.96 376.077 96.9539
315.5 1430.91 503.269 455.126 378.455 94.2793
316 1429.42 496.285 458.99 381.798 92.5706
316.5 1427.93 490.267 461.218 385.736 91.0104
317 1428.68 482.838 465.379 390.119 90.5646
317.5 1427.93 476.672 468.276 393.834 89.0788
318 1428.68 471.174 470.579 398.366 88.633
318.5 1425.71 463.596 468.871 405.126 87.8158
319 1427.19 457.058 470.877 410.178 89.0045
319.5 1426.45 450.892 470.505 415.527 89.2273
320 1424.22 445.245 465.082 421.1 93.0906
320.5 1425.71 440.193 463.893 427.712 93.685
321 1426.45 434.918 464.116 433.135 94.1308
321.5 1422.73 432.392 454.086 439.227 96.6568
322 1421.25 429.495 446.508 445.171 100.149
322.5 1422.73 425.632 439.896 452.972 104.235
323 1424.96 425.037 437.221 456.315 106.538
323.5 1419.76 423.254 425.334 461.218 110.253
324 1419.76 421.991 419.019 465.007 113.893
324.5 1419.76 421.917 409.435 468.796 119.614
325 1421.99 422.66 404.532 470.059 124.591
325.5 1420.51 424.368 391.828 473.997 130.163
326 1419.76 426.374 382.169 473.997 137.37
326.5 1419.02 428.306 374.591 472.734 143.536
327 1418.28 429.792 366.79 471.1 150.297
327.5 1419.02 432.467 359.733 471.397 155.052
328 1418.28 435.587 355.275 466.196 160.921
328.5 1418.28 439.97 351.337 460.921 165.899
329 1419.02 444.056 347.325 457.207 170.802
329.5 1417.53 447.4 344.428 452.377 173.254
330 1416.05 452.377 339.747 448.217 175.409
330.5 1417.53 456.538 340.267 442.571 178.529
331 1415.3 461.441 336.107 438.187 179.346
331.5 1416.79 466.642 335.81 432.615 182.095
332 1417.53 471.025 336.107 428.083 182.318
332.5 1417.53 476.597 336.478 422.065 182.244
333 1416.05 482.169 334.844 417.013 181.798
333.5 1416.05 488.113 335.884 411.961 180.089
334 1414.56 492.199 337.296 407.504 177.712
334.5 1415.3 496.508 338.559 403.418 176.449
335 1415.3 504.012 340.416 398.217 172.957
335.5 1414.56 507.949 342.942 394.948 168.351
336 1414.56 511.441 346.062 391.828 165.082
336.5 1413.82 514.785 348.811 388.633 161.738
337 1413.82 519.465 352.897 385.29 156.166
337.5 1414.56 525.037 357.281 381.947 150.594
338 1413.82 526.077 361.813 380.238 145.691
338.5 1417.53 530.238 367.831 378.38 140.713
339 1416.79 529.123 373.848 377.043 136.553
339.5 1416.79 529.866 380.089 376.003 131.129
340 1416.79 529.421 386.404 374.443 126.3
340.5 1415.3 528.158 391.085 373.774 121.991
341 1416.05 526.077 398.068 373.254 118.796
341.5 1416.05 522.808 405.721 373.031 114.264
342 1415.3 517.979 411.664 373.18 112.704
342.5 1416.05 514.413 418.796 374.443 108.098
343 1413.08 510.178 424.294 375.26 103.195
343.5 1414.56 504.978 432.541 376.523 100.223
344 1413.82 499.926 438.039 378.529 97.6226
344.5 1415.3 493.759 445.171 381.129 95.1709
345 1413.82 486.404 450.074 383.73 93.5364
345.5 1414.56 480.015 455.498 387.593 91.5305
346 1414.56 471.694 459.881 392.348 90.3418
346.5 1413.82 465.156 462.407 396.805 89.3016
347 1411.59 458.47 463.001 401.783 88.633
347.5 1411.59 452.675 463.373 406.984 88.7073
348 1413.08 448.143 464.487 411.664 88.8559
348.5 1413.82 439.896 467.682 418.053 88.4101
349 1413.08 434.101 462.407 425.706 90.7132
349.5 1410.85 429.941 459.361 430.535 91.159
350 1410.85 425.409 456.686 435.884 92.8678
350.5 1410.1 420.059 452.972 443.016 94.1308
351 1412.33 416.79 446.88 449.48 99.3314
351.5 1410.1 414.116 437.89 456.984 100.892
352 1411.59 411.144 433.061 463.15 103.863
352.5 1409.36 409.435 424.071 468.351 107.504
353 1409.36 408.544 417.533 472.437 110.996
353.5 1409.36 407.727 408.172 476.523 116.716
354 1409.36 408.321 399.629 481.426 119.985
354.5 1410.85 408.841 392.719 484.25 124.963
355 1408.62 410.773 382.764 484.027 131.055
355.5 1410.85 410.847 379.198 483.432 137.37
356 1408.62 412.927 368.202 482.764 144.725
356.5 1410.85 415.899 361.516 482.838 150.594
357 1408.62 418.128 356.241 478.678 155.349
357.5 1407.88 421.174 352.006 473.328 161.07
358 1408.62 424.071 347.548 470.802 165.899
358.5 1408.62 428.158 342.199 466.642 171.62
359 1406.39 432.615 338.336 462.11 173.626
359.5 1411.59 436.924 340.119 456.984 177.637
360 1410.85 440.119 338.336 451.486 180.906
360.5 1409.36 445.542 336.701 446.062 181.055
361 1409.36 449.48 335.513 440.788 183.21
361.5 1409.36 456.686 334.77 435.884 182.021
362 1409.36 457.727 330.758 428.529 192.273
362.5 1412.33 462.259 333.284 423.997 193.016
363 1410.1 468.722 335.587 423.328 182.392
363.5 1405.65 472.437 335.067 418.425 179.866
364 1407.13 477.489 336.404 414.339 178.826
364.5 1407.13 483.804 338.336 410.03 174.814
365 1410.1 491.828 340.193 405.944 172.14
365.5 1406.39 492.348 344.279 402.823 167.088
