# Figure 5 - orbital element distributions
#Semimajor Max flux   Preferred   Min flux   Mass flux  Eccentri-   Max flux   Preferred   Min flux   Mass flux Inclination Max flux   Preferred   Min flux   Mass flux   Impact    Max flux   Preferred   Min flux   Mass flux
#   axis    at Moon   solution    at Moon    at Earth     city       at Moon   solution    at Moon    at Earth               at Moon   solution    at Moon    at Earth    velocity   at Moon   solution    at Moon    at Earth
#   (au)   (kg day-1) (kg day-1) (kg day-1) (kg day-1)             (kg day-1) (kg day-1) (kg day-1) (kg day-1)   (degree)  (kg day-1) (kg day-1) (kg day-1) (kg day-1)   (km s-1)  (kg day-1) (kg day-1) (kg day-1) (kg day-1)
1.2500E-02 0.0000E+00 0.0000E+00 0.0000E+00 0.0000E+00 	2.5000E-03 9.3594E-01 9.0286E-01 8.2558E-01 1.0750E+02	4.5000E-01 9.1917E+01 8.3341E+01 8.0022E+01 6.0320E+03	5.0000E-01 9.8134E-02 5.6462E-02 4.0273E-02 8.4351E-01	
3.7500E-02 0.0000E+00 0.0000E+00 0.0000E+00 0.0000E+00	7.5000E-03 2.2141E+00 1.8832E+00 1.5189E+00 3.2472E+02	1.3500E+00 8.6567E+01 7.5976E+01 7.2427E+01 4.0268E+03	1.5000E+00 9.8573E-02 5.6918E-02 4.0810E-02 8.5023E-01	
6.2500E-02 0.0000E+00 0.0000E+00 0.0000E+00 0.0000E+00	1.2500E-02 3.0144E+00 2.8166E+00 2.4194E+00 5.0708E+02	2.2500E+00 7.9849E+01 6.9689E+01 6.6478E+01 3.1379E+03	2.5000E+00 8.7912E+00 8.3052E+00 5.5091E+00 8.3450E-01	
8.7500E-02 0.0000E+00 0.0000E+00 0.0000E+00 0.0000E+00	1.7500E-02 3.9917E+00 3.8675E+00 3.0661E+00 8.3081E+02	3.1500E+00 7.5096E+01 6.5771E+01 6.2753E+01 2.8888E+03	3.5000E+00 3.8911E+01 3.1256E+01 2.2406E+01 8.2999E-01	
1.1250E-01 0.0000E+00 0.0000E+00 0.0000E+00 0.0000E+00	2.2500E-02 4.7073E+00 4.3756E+00 3.3425E+00 8.3990E+02	4.0500E+00 7.0377E+01 6.2171E+01 5.9016E+01 2.5915E+03	4.5000E+00 4.8215E+01 4.0035E+01 3.1316E+01 8.3413E-01	
1.3750E-01 0.0000E+00 0.0000E+00 0.0000E+00 0.0000E+00	2.7500E-02 5.5375E+00 4.9215E+00 3.7645E+00 7.9775E+02	4.9500E+00 6.5480E+01 5.7851E+01 5.4675E+01 2.2957E+03	5.5000E+00 5.7733E+01 5.1517E+01 4.2922E+01 8.3174E-01	
1.6250E-01 0.0000E+00 0.0000E+00 0.0000E+00 0.0000E+00	3.2500E-02 5.4682E+00 4.8229E+00 3.9065E+00 5.6572E+02	5.8500E+00 6.1248E+01 5.3471E+01 4.9779E+01 2.0106E+03	6.5000E+00 6.3308E+01 5.9354E+01 5.1750E+01 8.2046E-01	
1.8750E-01 0.0000E+00 0.0000E+00 0.0000E+00 0.0000E+00	3.7500E-02 5.1414E+00 4.3505E+00 3.5425E+00 4.1068E+02	6.7500E+00 5.7887E+01 4.9841E+01 4.5939E+01 1.7725E+03	7.5000E+00 6.9089E+01 6.3188E+01 5.7929E+01 8.0960E-01	
2.1250E-01 0.0000E+00 0.0000E+00 0.0000E+00 0.0000E+00	4.2500E-02 5.3750E+00 4.6313E+00 3.8440E+00 4.0577E+02	7.6500E+00 5.3865E+01 4.6151E+01 4.2596E+01 1.5526E+03	8.5000E+00 7.3809E+01 6.4449E+01 6.1348E+01 7.9665E-01	
2.3750E-01 0.0000E+00 0.0000E+00 0.0000E+00 0.0000E+00	4.7500E-02 5.7767E+00 5.1303E+00 4.2816E+00 4.5911E+02	8.5500E+00 4.9969E+01 4.2667E+01 3.8992E+01 1.3757E+03	9.5000E+00 7.4435E+01 6.2907E+01 5.8880E+01 8.1313E-01	
2.6250E-01 0.0000E+00 0.0000E+00 0.0000E+00 0.0000E+00	5.2500E-02 6.1530E+00 5.0625E+00 4.0609E+00 3.9431E+02	9.4500E+00 4.5388E+01 3.8491E+01 3.5165E+01 1.1638E+03	1.0500E+01 7.3484E+01 6.0514E+01 5.6156E+01 7.8279E-01	
2.8750E-01 0.0000E+00 0.0000E+00 0.0000E+00 0.0000E+00	5.7500E-02 7.2520E+00 5.5269E+00 4.1659E+00 4.8525E+02	1.0350E+01 4.1311E+01 3.4977E+01 3.1881E+01 1.0022E+03	1.1500E+01 7.0373E+01 5.6898E+01 5.2502E+01 1.1891E+04	
3.1250E-01 0.0000E+00 0.0000E+00 0.0000E+00 0.0000E+00	6.2500E-02 6.8176E+00 5.5466E+00 4.4150E+00 4.2791E+02	1.1250E+01 3.7887E+01 3.2028E+01 2.9261E+01 8.8772E+02	1.2500E+01 6.5896E+01 5.3213E+01 4.9280E+01 6.4831E+03	
3.3750E-01 0.0000E+00 0.0000E+00 0.0000E+00 0.0000E+00	6.7500E-02 7.0138E+00 5.6951E+00 4.5600E+00 3.8732E+02	1.2150E+01 3.5070E+01 2.9391E+01 2.6770E+01 7.8447E+02	1.3500E+01 6.1547E+01 5.0236E+01 4.6894E+01 4.1569E+03	
3.6250E-01 0.0000E+00 0.0000E+00 0.0000E+00 0.0000E+00	7.2500E-02 6.8784E+00 5.6365E+00 4.5257E+00 3.7366E+02	1.3050E+01 3.2272E+01 2.6913E+01 2.4413E+01 6.9197E+02	1.4500E+01 5.7557E+01 4.7525E+01 4.4553E+01 2.9049E+03	
3.8750E-01 0.0000E+00 0.0000E+00 0.0000E+00 0.0000E+00	7.7500E-02 7.1515E+00 6.0757E+00 4.9484E+00 4.3233E+02	1.3950E+01 3.0052E+01 2.4909E+01 2.2502E+01 6.1855E+02	1.5500E+01 5.4219E+01 4.5324E+01 4.2650E+01 2.1458E+03	
4.1250E-01 0.0000E+00 0.0000E+00 0.0000E+00 0.0000E+00	8.2500E-02 7.4912E+00 6.2932E+00 5.1355E+00 4.1241E+02	1.4850E+01 2.8064E+01 2.3417E+01 2.1396E+01 5.6364E+02	1.6500E+01 5.1144E+01 4.3217E+01 4.0599E+01 1.6727E+03	
4.3750E-01 0.0000E+00 0.0000E+00 0.0000E+00 0.0000E+00	8.7500E-02 7.2471E+00 6.3788E+00 5.2587E+00 4.0542E+02	1.5750E+01 2.5959E+01 2.1785E+01 1.9929E+01 5.0953E+02	1.7500E+01 4.8706E+01 4.1182E+01 3.8268E+01 1.3784E+03	
4.6250E-01 0.0000E+00 0.0000E+00 0.0000E+00 0.0000E+00	9.2500E-02 7.9977E+00 6.9695E+00 5.6731E+00 4.4963E+02	1.6650E+01 2.4151E+01 2.0349E+01 1.8699E+01 4.6153E+02	1.8500E+01 4.6247E+01 3.9353E+01 3.6079E+01 1.1650E+03	
4.8750E-01 2.7740E-02 9.2481E-03 2.5121E-03 3.1662E-01	9.7500E-02 7.9666E+00 6.9399E+00 5.7432E+00 4.4435E+02	1.7550E+01 2.2691E+01 1.9051E+01 1.7687E+01 4.1956E+02	1.9500E+01 4.4825E+01 3.7542E+01 3.4037E+01 1.0222E+03	
5.1250E-01 1.9867E+00 9.2000E-01 4.5890E-01 1.5643E+01	1.0250E-01 7.7275E+00 6.9127E+00 5.7267E+00 4.0816E+02	1.8450E+01 2.1261E+01 1.7830E+01 1.6622E+01 3.8372E+02	2.0500E+01 4.3446E+01 3.5912E+01 3.2235E+01 9.0726E+02	
5.3750E-01 5.5693E+00 3.0623E+00 1.6547E+00 5.2066E+01	1.0750E-01 8.1789E+00 7.2494E+00 5.9907E+00 4.3492E+02	1.9350E+01 1.9842E+01 1.6715E+01 1.5696E+01 3.5367E+02	2.1500E+01 4.2377E+01 3.4820E+01 3.1040E+01 8.2083E+02	
5.6250E-01 8.2762E+00 5.4118E+00 3.5819E+00 9.3740E+01	1.1250E-01 8.1246E+00 7.2064E+00 5.9715E+00 4.1455E+02	2.0250E+01 1.8461E+01 1.5510E+01 1.4597E+01 3.1857E+02	2.2500E+01 4.1323E+01 3.3697E+01 2.9815E+01 7.4497E+02	
5.8750E-01 1.0298E+01 7.5388E+00 5.4675E+00 1.3579E+02	1.1750E-01 8.3875E+00 7.4885E+00 6.2087E+00 4.1509E+02	2.1150E+01 1.7115E+01 1.4473E+01 1.3809E+01 2.9271E+02	2.3500E+01 4.0568E+01 3.2648E+01 2.8534E+01 6.8455E+02	
6.1250E-01 1.2930E+01 1.0166E+01 7.9438E+00 1.8931E+02	1.2250E-01 9.1955E+00 7.9239E+00 6.4118E+00 4.5433E+02	2.2050E+01 1.6033E+01 1.3629E+01 1.3002E+01 2.7188E+02	2.4500E+01 3.9361E+01 3.1326E+01 2.7045E+01 6.3930E+02	
6.3750E-01 1.5363E+01 1.2181E+01 9.9176E+00 2.3466E+02	1.2750E-01 8.7162E+00 7.8981E+00 6.5785E+00 4.2511E+02	2.2950E+01 1.5060E+01 1.2909E+01 1.2371E+01 2.5049E+02	2.5500E+01 3.7832E+01 2.9742E+01 2.5451E+01 6.0333E+02	
6.6250E-01 1.8165E+01 1.4443E+01 1.2465E+01 2.8920E+02	1.3250E-01 8.7709E+00 7.9479E+00 6.5977E+00 4.2487E+02	2.3850E+01 1.4029E+01 1.2268E+01 1.1817E+01 2.3672E+02	2.6500E+01 3.6032E+01 2.7835E+01 2.3474E+01 5.6336E+02	
6.8750E-01 1.9968E+01 1.6409E+01 1.4535E+01 3.4296E+02	1.3750E-01 9.2064E+00 8.2957E+00 6.8969E+00 4.3675E+02	2.4750E+01 1.3302E+01 1.1598E+01 1.1240E+01 2.1843E+02	2.7500E+01 3.3583E+01 2.5271E+01 2.0838E+01 5.2144E+02	
7.1250E-01 2.1590E+01 1.8112E+01 1.6754E+01 3.9155E+02	1.4250E-01 9.1009E+00 8.2860E+00 6.8900E+00 4.2488E+02	2.5650E+01 1.2597E+01 1.1039E+01 1.0788E+01 2.0635E+02	2.8500E+01 3.1336E+01 2.3028E+01 1.8536E+01 4.8028E+02	
7.3750E-01 2.4386E+01 2.0451E+01 1.9191E+01 4.6505E+02	1.4750E-01 9.2417E+00 8.4683E+00 7.0975E+00 4.3564E+02	2.6550E+01 1.1786E+01 1.0469E+01 1.0292E+01 1.9164E+02	2.9500E+01 2.9304E+01 2.1006E+01 1.6490E+01 4.2583E+02	
7.6250E-01 2.6966E+01 2.2889E+01 2.1648E+01 5.5849E+02	1.5250E-01 9.1747E+00 8.3449E+00 6.9356E+00 4.1364E+02	2.7450E+01 1.1259E+01 9.8956E+00 9.6550E+00 1.7865E+02	3.0500E+01 2.7143E+01 1.8899E+01 1.4477E+01 3.7770E+02	
7.8750E-01 2.9336E+01 2.5065E+01 2.3949E+01 6.6807E+02	1.5750E-01 9.5575E+00 8.7229E+00 7.3209E+00 4.3396E+02	2.8350E+01 1.0709E+01 9.4943E+00 9.2781E+00 1.7111E+02	3.1500E+01 2.4962E+01 1.6942E+01 1.2708E+01 3.3903E+02	
8.1250E-01 3.3202E+01 2.8717E+01 2.6929E+01 8.3541E+02	1.6250E-01 9.5222E+00 8.7447E+00 7.2947E+00 4.2573E+02	2.9250E+01 1.0355E+01 9.1351E+00 8.8539E+00 1.6154E+02	3.2500E+01 2.2832E+01 1.5136E+01 1.1152E+01 2.9931E+02	
8.3750E-01 3.6301E+01 3.2609E+01 2.9658E+01 1.0765E+03	1.6750E-01 9.1510E+00 8.5413E+00 7.1703E+00 4.0938E+02	3.0150E+01 1.0108E+01 8.8663E+00 8.4925E+00 1.5640E+02	3.3500E+01 2.0665E+01 1.3429E+01 9.7524E+00 2.6277E+02	
8.6250E-01 3.8265E+01 3.5121E+01 3.1503E+01 1.2347E+03	1.7250E-01 9.6073E+00 8.9053E+00 7.4464E+00 4.2016E+02	3.1050E+01 9.6610E+00 8.5283E+00 8.1029E+00 1.4751E+02	3.4500E+01 1.8527E+01 1.1805E+01 8.4131E+00 2.3116E+02	
8.8750E-01 4.0639E+01 3.7968E+01 3.3799E+01 1.4260E+03	1.7750E-01 9.5969E+00 8.9224E+00 7.4941E+00 4.1201E+02	3.1950E+01 9.4609E+00 8.2502E+00 7.7784E+00 1.4134E+02	3.5500E+01 1.6422E+01 1.0232E+01 7.1500E+00 2.0280E+02	
9.1250E-01 4.2683E+01 3.9772E+01 3.5044E+01 1.6139E+03	1.8250E-01 9.6420E+00 8.9287E+00 7.4924E+00 4.0412E+02	3.2850E+01 9.1959E+00 7.9806E+00 7.4096E+00 1.3554E+02	3.6500E+01 1.4415E+01 8.8066E+00 6.0725E+00 1.7373E+02	
9.3750E-01 4.4173E+01 4.1133E+01 3.6218E+01 1.6623E+03	1.8750E-01 9.6192E+00 8.9737E+00 7.5844E+00 3.9511E+02	3.3750E+01 9.3551E+00 8.0014E+00 7.3012E+00 1.3539E+02	3.7500E+01 1.2409E+01 7.4289E+00 5.0369E+00 1.4845E+02	
9.6250E-01 4.5431E+01 4.1534E+01 3.6388E+01 1.8120E+03	1.9250E-01 9.7501E+00 9.0610E+00 7.5882E+00 3.9335E+02	3.4650E+01 9.3360E+00 8.0182E+00 7.2548E+00 1.3448E+02	3.8500E+01 1.0640E+01 6.2476E+00 4.1457E+00 1.2537E+02	
9.8750E-01 5.2191E+01 4.9167E+01 4.2190E+01 4.1387E+03	1.9750E-01 9.6505E+00 8.9568E+00 7.5240E+00 3.8010E+02	3.5550E+01 9.1158E+00 7.8471E+00 7.0832E+00 1.3084E+02	3.9500E+01 9.0559E+00 5.2571E+00 3.4366E+00 1.0354E+02	
1.0125E+00 4.7478E+01 4.4505E+01 3.9154E+01 2.9732E+03	2.0250E-01 9.5971E+00 9.0163E+00 7.6214E+00 3.7509E+02	3.6450E+01 8.8085E+00 7.6755E+00 6.8089E+00 1.2808E+02	4.0500E+01 7.6412E+00 4.4370E+00 2.9050E+00 8.5809E+01	
1.0375E+00 4.0863E+01 3.7865E+01 3.4084E+01 1.5813E+03	2.0750E-01 9.8590E+00 9.0638E+00 7.5374E+00 3.6634E+02	3.7350E+01 8.9486E+00 7.8907E+00 6.9681E+00 1.3149E+02	4.1500E+01 6.3917E+00 3.7683E+00 2.5123E+00 7.2053E+01	
1.0625E+00 4.0549E+01 3.7621E+01 3.3588E+01 1.5578E+03	2.1250E-01 9.9037E+00 9.0422E+00 7.4621E+00 3.6739E+02	3.8250E+01 8.8772E+00 7.7888E+00 6.8780E+00 1.2840E+02	4.2500E+01 5.3742E+00 3.2918E+00 2.2920E+00 5.9497E+01	
1.0875E+00 3.6229E+01 3.4621E+01 3.1696E+01 1.3556E+03	2.1750E-01 9.6465E+00 8.9572E+00 7.5161E+00 3.5132E+02	3.9150E+01 8.8492E+00 7.6799E+00 6.7156E+00 1.2513E+02	4.3500E+01 4.6090E+00 2.9935E+00 2.2094E+00 5.0835E+01	
1.1125E+00 3.4334E+01 3.2585E+01 3.0365E+01 1.2328E+03	2.2250E-01 9.7696E+00 9.0695E+00 7.6396E+00 3.4621E+02	4.0050E+01 9.2132E+00 7.9675E+00 6.9574E+00 1.2998E+02	4.4500E+01 4.1060E+00 2.9018E+00 2.2877E+00 4.5137E+01	
1.1375E+00 3.1451E+01 2.9523E+01 2.7604E+01 1.0322E+03	2.2750E-01 9.6548E+00 8.9268E+00 7.5330E+00 3.4193E+02	4.0950E+01 9.2643E+00 7.9899E+00 6.8928E+00 1.2974E+02	4.5500E+01 3.7964E+00 2.9797E+00 2.5248E+00 4.2493E+01	
1.1625E+00 2.9923E+01 2.7885E+01 2.6345E+01 9.4151E+02	2.3250E-01 9.8807E+00 9.1470E+00 7.6889E+00 3.4320E+02	4.1850E+01 9.1769E+00 7.9226E+00 6.8415E+00 1.2780E+02	4.6500E+01 3.6957E+00 3.1971E+00 2.8802E+00 4.2961E+01	
1.1875E+00 2.7851E+01 2.5357E+01 2.4437E+01 8.3476E+02	2.3750E-01 1.0014E+01 9.2394E+00 7.9045E+00 3.3856E+02	4.2750E+01 9.0998E+00 7.8233E+00 6.7484E+00 1.2511E+02	4.7500E+01 3.8892E+00 3.5521E+00 3.3355E+00 4.5499E+01	
1.2125E+00 2.6688E+01 2.4842E+01 2.3727E+01 8.0302E+02	2.4250E-01 9.9867E+00 9.2306E+00 7.8142E+00 3.3384E+02	4.3650E+01 8.7410E+00 7.5284E+00 6.5342E+00 1.2097E+02	4.8500E+01 4.2062E+00 3.9824E+00 3.8529E+00 5.0836E+01	
1.2375E+00 2.4351E+01 2.1765E+01 2.1148E+01 6.6680E+02	2.4750E-01 1.0014E+01 9.1523E+00 7.7890E+00 3.2518E+02	4.4550E+01 8.4176E+00 7.3867E+00 6.4511E+00 1.1674E+02	4.9500E+01 4.6835E+00 4.4091E+00 4.3751E+00 5.6372E+01	
1.2625E+00 2.3450E+01 2.0103E+01 1.9209E+01 5.8325E+02	2.5250E-01 9.8132E+00 9.0902E+00 7.7834E+00 3.2081E+02	4.5450E+01 8.0090E+00 6.8551E+00 5.9482E+00 1.0745E+02	5.0500E+01 5.2149E+00 4.8953E+00 4.8905E+00 6.1165E+01	
1.2875E+00 2.2034E+01 1.9002E+01 1.8094E+01 5.4542E+02	2.5750E-01 9.7283E+00 8.8510E+00 7.5790E+00 3.0656E+02	4.6350E+01 7.8870E+00 6.6634E+00 5.7226E+00 1.0455E+02	5.1500E+01 5.6633E+00 5.3997E+00 5.3586E+00 6.6673E+01	
1.3125E+00 2.1741E+01 1.8884E+01 1.7694E+01 5.3574E+02	2.6250E-01 9.8973E+00 8.9364E+00 7.7033E+00 2.9982E+02	4.7250E+01 7.7037E+00 6.5702E+00 5.6758E+00 1.0208E+02	5.2500E+01 6.2850E+00 5.9309E+00 5.6966E+00 7.5555E+01	
1.3375E+00 2.0138E+01 1.7030E+01 1.5905E+01 4.5924E+02	2.6750E-01 9.8902E+00 8.9365E+00 7.6926E+00 2.9850E+02	4.8150E+01 7.1468E+00 6.0124E+00 5.1565E+00 9.3226E+01	5.3500E+01 6.7430E+00 6.3520E+00 6.0820E+00 8.1941E+01	
1.3625E+00 1.9554E+01 1.6376E+01 1.5022E+01 4.3461E+02	2.7250E-01 9.7527E+00 8.7630E+00 7.6308E+00 2.8717E+02	4.9050E+01 6.8985E+00 5.8231E+00 4.9477E+00 8.9196E+01	5.4500E+01 7.0351E+00 6.6260E+00 6.3044E+00 9.1347E+01	
1.3875E+00 1.8425E+01 1.5423E+01 1.4319E+01 4.0296E+02	2.7750E-01 9.8251E+00 8.8395E+00 7.7094E+00 2.8933E+02	4.9950E+01 6.4321E+00 5.3561E+00 4.5397E+00 8.2533E+01	5.5500E+01 7.1636E+00 6.6626E+00 6.3424E+00 9.5602E+01	
1.4125E+00 1.7570E+01 1.4831E+01 1.3479E+01 3.7818E+02	2.8250E-01 9.7118E+00 8.6837E+00 7.5948E+00 2.7687E+02	5.0850E+01 6.0642E+00 5.0252E+00 4.2037E+00 7.7221E+01	5.6500E+01 7.1075E+00 6.5178E+00 6.1916E+00 9.7481E+01	
1.4375E+00 1.6734E+01 1.4062E+01 1.2880E+01 3.5442E+02	2.8750E-01 9.6406E+00 8.6170E+00 7.5246E+00 2.6960E+02	5.1750E+01 5.7539E+00 4.7082E+00 3.8717E+00 7.2114E+01	5.7500E+01 6.9421E+00 6.3105E+00 5.9547E+00 9.3390E+01	
1.4625E+00 1.6320E+01 1.3592E+01 1.2247E+01 3.3912E+02	2.9250E-01 9.7446E+00 8.6675E+00 7.6255E+00 2.6929E+02	5.2650E+01 5.4327E+00 4.4364E+00 3.6526E+00 6.7694E+01	5.8500E+01 6.6427E+00 6.0039E+00 5.6769E+00 9.0182E+01	
1.4875E+00 1.5145E+01 1.2826E+01 1.1623E+01 3.1152E+02	2.9750E-01 9.6237E+00 8.5534E+00 7.4498E+00 2.5860E+02	5.3550E+01 5.0769E+00 4.0680E+00 3.3417E+00 6.2122E+01	5.9500E+01 6.1000E+00 5.5001E+00 5.2509E+00 8.6680E+01	
1.5125E+00 1.4743E+01 1.2149E+01 1.0897E+01 2.9002E+02	3.0250E-01 9.6190E+00 8.5596E+00 7.5690E+00 2.6109E+02	5.4450E+01 4.7071E+00 3.7837E+00 3.0632E+00 5.7473E+01	6.0500E+01 5.4752E+00 4.9303E+00 4.8201E+00 7.8052E+01	
1.5375E+00 1.4228E+01 1.1617E+01 1.0372E+01 2.7152E+02	3.0750E-01 9.6032E+00 8.3971E+00 7.4503E+00 2.5274E+02	5.5350E+01 4.4487E+00 3.6033E+00 2.9257E+00 5.4196E+01	6.1500E+01 4.7489E+00 4.3353E+00 4.3213E+00 6.9822E+01	
1.5625E+00 1.3625E+01 1.1445E+01 1.0516E+01 2.7221E+02	3.1250E-01 9.6100E+00 8.4230E+00 7.4686E+00 2.4743E+02	5.6250E+01 4.2035E+00 3.3613E+00 2.6688E+00 5.0460E+01	6.2500E+01 4.1020E+00 3.7549E+00 3.7434E+00 6.2574E+01	
1.5875E+00 1.4064E+01 1.2068E+01 1.0854E+01 2.9167E+02	3.1750E-01 9.7523E+00 8.4268E+00 7.4922E+00 2.4826E+02	5.7150E+01 4.0129E+00 3.1997E+00 2.5928E+00 4.8099E+01	6.3500E+01 3.7566E+00 3.2701E+00 3.2452E+00 5.2109E+01	
1.6125E+00 1.2807E+01 1.0464E+01 9.2175E+00 2.3806E+02	3.2250E-01 9.6996E+00 8.3854E+00 7.4976E+00 2.4252E+02	5.8050E+01 3.8981E+00 3.0658E+00 2.4199E+00 4.6145E+01	6.4500E+01 3.4356E+00 2.8663E+00 2.8222E+00 4.6240E+01	
1.6375E+00 1.2556E+01 1.0089E+01 8.7727E+00 2.2785E+02	3.2750E-01 9.7806E+00 8.4124E+00 7.6169E+00 2.4162E+02	5.8950E+01 3.6336E+00 2.8365E+00 2.2734E+00 4.2860E+01	6.5500E+01 3.1234E+00 2.4896E+00 2.4368E+00 4.0355E+01	
1.6625E+00 1.2584E+01 1.0107E+01 8.6366E+00 2.3129E+02	3.3250E-01 9.9492E+00 8.4305E+00 7.6174E+00 2.4045E+02	5.9850E+01 3.3950E+00 2.5596E+00 2.0233E+00 3.8336E+01	6.6500E+01 2.8057E+00 2.1267E+00 2.0719E+00 3.4658E+01	
1.6875E+00 1.1804E+01 9.5258E+00 8.1549E+00 2.1198E+02	3.3750E-01 9.8679E+00 8.3920E+00 7.6765E+00 2.3235E+02	6.0750E+01 3.3157E+00 2.5020E+00 1.9910E+00 3.7383E+01	6.7500E+01 2.4505E+00 1.7851E+00 1.7324E+00 2.9350E+01	
1.7125E+00 1.1599E+01 9.2289E+00 7.8152E+00 2.0255E+02	3.4250E-01 9.9458E+00 8.3629E+00 7.6845E+00 2.3046E+02	6.1650E+01 3.0930E+00 2.3429E+00 1.8175E+00 3.5081E+01	6.8500E+01 2.0026E+00 1.4270E+00 1.3713E+00 2.4801E+01	
1.7375E+00 1.1210E+01 8.8897E+00 7.6026E+00 1.9410E+02	3.4750E-01 9.8165E+00 8.3046E+00 7.5433E+00 2.2440E+02	6.2550E+01 2.7557E+00 2.1426E+00 1.7131E+00 3.1718E+01	6.9500E+01 1.4188E+00 1.0036E+00 9.5160E-01 1.9827E+01	
1.7625E+00 1.0722E+01 8.5636E+00 7.3256E+00 1.8901E+02	3.5250E-01 9.9173E+00 8.3672E+00 7.5596E+00 2.2795E+02	6.3450E+01 2.6534E+00 2.0636E+00 1.6964E+00 3.0679E+01	7.0500E+01 8.1061E-01 5.7354E-01 5.3187E-01 1.3437E+01	
1.7875E+00 1.0168E+01 8.1110E+00 6.9153E+00 1.7543E+02	3.5750E-01 9.6523E+00 8.0585E+00 7.4403E+00 2.1510E+02	6.4350E+01 2.5169E+00 1.9079E+00 1.4978E+00 2.8050E+01	7.1500E+01 3.4276E-01 2.4034E-01 2.1526E-01 6.9637E+00	
1.8125E+00 1.0279E+01 8.0531E+00 6.7634E+00 1.7101E+02	3.6250E-01 9.7071E+00 8.1897E+00 7.4941E+00 2.1683E+02	6.5250E+01 2.3436E+00 1.7812E+00 1.4509E+00 2.5908E+01	7.2500E+01 1.1764E-01 7.7060E-02 6.3636E-02 2.2021E+00	
1.8375E+00 1.0410E+01 8.2150E+00 6.9182E+00 1.8161E+02	3.6750E-01 9.7715E+00 8.2295E+00 7.5598E+00 2.1605E+02	6.6150E+01 2.2803E+00 1.6612E+00 1.2976E+00 2.4151E+01	7.3500E+01 6.5649E-02 3.7875E-02 2.7367E-02 6.1486E-01	
1.8625E+00 9.8764E+00 7.5229E+00 6.2930E+00 1.6033E+02	3.7250E-01 1.0129E+01 8.7285E+00 8.0012E+00 2.2190E+02	6.7050E+01 2.1039E+00 1.5740E+00 1.2788E+00 2.3216E+01	7.4500E+01 6.6377E-02 3.8259E-02 2.8151E-02 5.6821E-01	
1.8875E+00 9.5291E+00 7.2350E+00 6.0437E+00 1.5223E+02	3.7750E-01 9.7922E+00 8.2988E+00 7.6662E+00 2.1309E+02	6.7950E+01 1.9855E+00 1.4501E+00 1.1559E+00 2.1266E+01	7.5500E+01 6.5335E-02 3.6956E-02 2.6564E-02 5.5159E-01	
1.9125E+00 9.2903E+00 7.0139E+00 5.8449E+00 1.4573E+02	3.8250E-01 9.8030E+00 8.2757E+00 7.7589E+00 2.1192E+02	6.8850E+01 1.8401E+00 1.3171E+00 1.0358E+00 1.9200E+01	7.6500E+01 6.4997E-02 3.7249E-02 2.6625E-02 5.5135E-01	
1.9375E+00 9.1233E+00 6.8012E+00 5.6305E+00 1.4128E+02	3.8750E-01 9.7800E+00 8.0751E+00 7.6334E+00 2.0404E+02	6.9750E+01 1.6447E+00 1.1782E+00 9.2424E-01 1.7193E+01	7.7500E+01 6.6201E-02 3.7604E-02 2.6937E-02 5.5858E-01	
1.9625E+00 8.9499E+00 6.6733E+00 5.5060E+00 1.3704E+02	3.9250E-01 9.9419E+00 8.1641E+00 7.7949E+00 2.0547E+02	7.0650E+01 1.5906E+00 1.1335E+00 8.9588E-01 1.6819E+01	7.8500E+01 6.4404E-02 3.6365E-02 2.5907E-02 5.3879E-01	
1.9875E+00 8.8156E+00 6.4087E+00 5.2576E+00 1.3113E+02	3.9750E-01 9.9182E+00 8.2277E+00 7.7468E+00 2.0527E+02	7.1550E+01 1.5333E+00 1.0972E+00 8.7366E-01 1.5985E+01	7.9500E+01 6.4814E-02 3.6888E-02 2.6453E-02 5.4412E-01	
2.0125E+00 8.7155E+00 6.2637E+00 5.0742E+00 1.2788E+02	4.0250E-01 1.0036E+01 8.2173E+00 7.7149E+00 2.0061E+02	7.2450E+01 1.5091E+00 1.0872E+00 8.3176E-01 1.5637E+01	8.0500E+01 6.5129E-02 3.6690E-02 2.5913E-02 5.4252E-01	
2.0375E+00 8.4414E+00 5.9046E+00 4.7046E+00 1.1917E+02	4.0750E-01 9.8028E+00 8.0990E+00 7.7063E+00 1.9539E+02	7.3350E+01 1.2947E+00 9.1869E-01 7.0551E-01 1.3025E+01	8.1500E+01 6.5410E-02 3.7319E-02 2.6917E-02 5.5166E-01	
2.0625E+00 7.1689E+00 5.0960E+00 4.2272E+00 1.0312E+02	4.1250E-01 9.8358E+00 8.1101E+00 7.7501E+00 1.9614E+02	7.4250E+01 1.2056E+00 8.5883E-01 6.5394E-01 1.2526E+01	8.2500E+01 6.3369E-02 3.6218E-02 2.6185E-02 5.3406E-01	
2.0875E+00 7.8777E+00 5.5740E+00 4.6155E+00 1.1196E+02	4.1750E-01 9.9349E+00 8.2967E+00 7.8387E+00 1.9941E+02	7.5150E+01 1.0522E+00 7.4412E-01 5.7466E-01 1.0814E+01	8.3500E+01 6.2714E-02 3.6074E-02 2.6017E-02 5.3612E-01	
2.1125E+00 7.9454E+00 5.5005E+00 4.4729E+00 1.0812E+02	4.2250E-01 9.9300E+00 8.2349E+00 7.7878E+00 1.9849E+02	7.6050E+01 9.3054E-01 6.4574E-01 4.8942E-01 9.2677E+00	8.4500E+01 6.4103E-02 3.6837E-02 2.6624E-02 5.4379E-01	
2.1375E+00 8.0367E+00 5.4891E+00 4.4203E+00 1.0781E+02	4.2750E-01 9.6610E+00 8.0738E+00 7.6234E+00 1.8910E+02	7.6950E+01 8.4546E-01 5.6629E-01 4.2142E-01 8.1477E+00	8.5500E+01 6.2388E-02 3.5774E-02 2.5615E-02 5.2844E-01	
2.1625E+00 7.9768E+00 5.3880E+00 4.3270E+00 1.0665E+02	4.3250E-01 9.7928E+00 8.2258E+00 7.7500E+00 1.9250E+02	7.7850E+01 7.7245E-01 5.2234E-01 3.9030E-01 7.4963E+00	8.6500E+01 6.0774E-02 3.4539E-02 2.4483E-02 5.1008E-01	
2.1875E+00 7.7757E+00 5.2555E+00 4.1758E+00 1.0352E+02	4.3750E-01 9.7040E+00 8.1613E+00 7.7045E+00 1.8995E+02	7.8750E+01 7.1975E-01 5.0720E-01 3.8472E-01 7.3756E+00	8.7500E+01 6.2189E-02 3.6096E-02 2.6089E-02 5.3455E-01	
2.2125E+00 7.6266E+00 5.0629E+00 4.0396E+00 9.8265E+01	4.4250E-01 9.7353E+00 8.1508E+00 7.6644E+00 1.8835E+02	7.9650E+01 6.2969E-01 4.3686E-01 3.3635E-01 6.5111E+00	8.8500E+01 6.2179E-02 3.6205E-02 2.5988E-02 5.3611E-01	
2.2375E+00 7.3203E+00 4.7987E+00 3.7870E+00 9.3254E+01	4.4750E-01 1.0022E+01 8.2216E+00 7.6694E+00 1.8984E+02	8.0550E+01 5.1396E-01 3.3778E-01 2.6353E-01 4.8680E+00	8.9500E+01 6.1830E-02 3.4844E-02 2.4233E-02 5.1733E-01	
2.2625E+00 6.7740E+00 4.5241E+00 3.6888E+00 8.7398E+01	4.5250E-01 1.0047E+01 8.2507E+00 7.7195E+00 1.8944E+02	8.1450E+01 4.7501E-01 3.1091E-01 2.4333E-01 4.4834E+00	9.0500E+01 6.0306E-02 3.4531E-02 2.4351E-02 5.1092E-01	
2.2875E+00 6.9514E+00 4.5887E+00 3.7153E+00 8.8860E+01	4.5750E-01 9.9413E+00 8.1545E+00 7.5375E+00 1.8732E+02	8.2350E+01 4.1084E-01 2.6484E-01 2.1335E-01 3.8131E+00	9.1500E+01 6.2433E-02 3.5995E-02 2.5859E-02 5.3232E-01	
2.3125E+00 6.9897E+00 4.5378E+00 3.6078E+00 8.7342E+01	4.6250E-01 9.9182E+00 8.0820E+00 7.4002E+00 1.8152E+02	8.3250E+01 3.8346E-01 2.5099E-01 2.0631E-01 3.6082E+00	9.2500E+01 6.2504E-02 3.5476E-02 2.5100E-02 5.2340E-01	
2.3375E+00 6.7712E+00 4.3439E+00 3.4381E+00 8.2557E+01	4.6750E-01 9.7804E+00 8.0332E+00 7.4377E+00 1.7901E+02	8.4150E+01 3.6076E-01 2.3953E-01 1.9954E-01 3.4456E+00	9.3500E+01 6.3001E-02 3.5066E-02 2.4390E-02 5.1903E-01	
2.3625E+00 6.8281E+00 4.3264E+00 3.3689E+00 8.2251E+01	4.7250E-01 9.7500E+00 8.0893E+00 7.5850E+00 1.7940E+02	8.5050E+01 3.4719E-01 2.3144E-01 1.9552E-01 3.3274E+00	9.4500E+01 6.2313E-02 3.5177E-02 2.4783E-02 5.1908E-01	
2.3875E+00 6.8474E+00 4.3185E+00 3.3393E+00 8.2088E+01	4.7750E-01 9.7291E+00 8.0954E+00 7.4651E+00 1.7829E+02	8.5950E+01 3.2477E-01 2.2482E-01 1.9673E-01 3.2103E+00	9.5500E+01 6.2569E-02 3.4450E-02 2.3793E-02 5.0951E-01	
2.4125E+00 6.7692E+00 4.1745E+00 3.1716E+00 7.9112E+01	4.8250E-01 9.7601E+00 8.0121E+00 7.4229E+00 1.7538E+02	8.6850E+01 3.0894E-01 2.1330E-01 1.8459E-01 3.0910E+00	9.6500E+01 6.1142E-02 3.4644E-02 2.4293E-02 5.1779E-01	
2.4375E+00 6.5126E+00 3.8610E+00 2.6958E+00 7.4250E+01	4.8750E-01 9.8595E+00 8.1729E+00 7.5518E+00 1.7947E+02	8.7750E+01 3.0378E-01 2.0925E-01 1.8205E-01 2.9947E+00	9.7500E+01 6.0745E-02 3.4030E-02 2.3671E-02 5.0288E-01	
2.4625E+00 5.2738E+00 2.9907E+00 1.9337E+00 5.7780E+01	4.9250E-01 9.6742E+00 7.9918E+00 7.3826E+00 1.7366E+02	8.8650E+01 2.9433E-01 2.0407E-01 1.7858E-01 2.9291E+00	9.8500E+01 6.0423E-02 3.3704E-02 2.3171E-02 4.9656E-01	
2.4875E+00 4.3293E+00 2.4581E+00 1.6706E+00 4.5960E+01	4.9750E-01 9.7559E+00 8.0558E+00 7.3211E+00 1.7400E+02	8.9550E+01 2.9399E-01 2.0495E-01 1.7997E-01 2.9382E+00	9.9500E+01 6.3086E-02 3.4156E-02 2.3131E-02 5.0487E-01	
2.5125E+00 4.1745E+00 2.4202E+00 1.7775E+00 4.5492E+01	5.0250E-01 9.7980E+00 8.0278E+00 7.3515E+00 1.7304E+02	9.0450E+01 2.8699E-01 1.9936E-01 1.7512E-01 2.8623E+00	1.0050E+02 6.0907E-02 3.2845E-02 2.2254E-02 4.8602E-01	
2.5375E+00 4.8480E+00 2.9149E+00 2.2851E+00 5.5557E+01	5.0750E-01 9.7596E+00 8.0225E+00 7.3736E+00 1.7042E+02	9.1350E+01 2.7770E-01 1.9480E-01 1.7283E-01 2.7799E+00	1.0150E+02 6.1645E-02 3.3892E-02 2.3329E-02 4.9833E-01	
2.5625E+00 5.9255E+00 3.5630E+00 2.7686E+00 6.7493E+01	5.1250E-01 9.6750E+00 7.9372E+00 7.2668E+00 1.6632E+02	9.2250E+01 2.7628E-01 1.9403E-01 1.7189E-01 2.7866E+00	1.0250E+02 6.0492E-02 3.2740E-02 2.1879E-02 4.8375E-01	
2.5875E+00 6.6527E+00 3.8850E+00 2.9151E+00 7.3697E+01	5.1750E-01 9.8621E+00 8.0544E+00 7.2342E+00 1.6745E+02	9.3150E+01 2.6844E-01 1.8981E-01 1.7048E-01 2.7170E+00	1.0350E+02 5.9632E-02 3.2388E-02 2.1864E-02 4.7835E-01	
2.6125E+00 6.6482E+00 3.7937E+00 2.7924E+00 7.1363E+01	5.2250E-01 9.8073E+00 7.9319E+00 7.1942E+00 1.6477E+02	9.4050E+01 2.7147E-01 1.9131E-01 1.7063E-01 2.7260E+00	1.0450E+02 6.0918E-02 3.3306E-02 2.2447E-02 4.8996E-01	
2.6375E+00 6.5895E+00 3.7342E+00 2.7297E+00 7.0239E+01	5.2750E-01 9.8743E+00 7.9582E+00 7.2147E+00 1.6425E+02	9.4950E+01 2.6787E-01 1.8973E-01 1.6942E-01 2.7094E+00	1.0550E+02 5.9766E-02 3.3010E-02 2.2547E-02 4.8720E-01	
2.6625E+00 6.3693E+00 3.6202E+00 2.6651E+00 6.7849E+01	5.3250E-01 9.7952E+00 7.9790E+00 7.2455E+00 1.6349E+02	9.5850E+01 2.6942E-01 1.8881E-01 1.6903E-01 2.7191E+00	1.0650E+02 5.8713E-02 3.1921E-02 2.1795E-02 4.7065E-01	
2.6875E+00 6.2396E+00 3.4703E+00 2.4895E+00 6.5045E+01	5.3750E-01 1.0005E+01 8.1291E+00 7.3335E+00 1.6537E+02	9.6750E+01 2.8579E-01 1.9917E-01 1.7458E-01 2.8442E+00	1.0750E+02 5.8886E-02 3.1804E-02 2.1570E-02 4.6969E-01	
2.7125E+00 5.8087E+00 3.2688E+00 2.4009E+00 6.1463E+01	5.4250E-01 9.6803E+00 7.9077E+00 7.0800E+00 1.6004E+02	9.7650E+01 3.4838E-01 2.5621E-01 2.1496E-01 3.7035E+00	1.0850E+02 5.8108E-02 3.1621E-02 2.1673E-02 4.6894E-01	
2.7375E+00 5.6856E+00 3.2725E+00 2.4799E+00 6.1050E+01	5.4750E-01 9.6832E+00 7.9727E+00 7.1540E+00 1.6090E+02	9.8550E+01 3.3377E-01 2.3169E-01 1.9630E-01 3.2829E+00	1.0950E+02 5.7406E-02 3.1361E-02 2.1598E-02 4.6684E-01	
2.7625E+00 5.4302E+00 3.1509E+00 2.4144E+00 5.8575E+01	5.5250E-01 9.6425E+00 7.9435E+00 7.1319E+00 1.5984E+02	9.9450E+01 3.6713E-01 2.6038E-01 2.2073E-01 3.6966E+00	1.1050E+02 5.8408E-02 3.1513E-02 2.1416E-02 4.6458E-01	
2.7875E+00 5.0067E+00 2.8407E+00 2.0878E+00 5.3089E+01	5.5750E-01 9.4710E+00 7.8567E+00 7.0621E+00 1.5674E+02	1.0035E+02 4.1082E-01 2.9286E-01 2.3614E-01 4.1054E+00	1.1150E+02 5.6794E-02 3.0381E-02 2.0469E-02 4.4820E-01	
2.8125E+00 4.8108E+00 2.7015E+00 1.9790E+00 5.0676E+01	5.6250E-01 9.6101E+00 7.8969E+00 7.1080E+00 1.5593E+02	1.0125E+02 4.1725E-01 2.9487E-01 2.3861E-01 4.1917E+00	1.1250E+02 5.6748E-02 3.0792E-02 2.0775E-02 4.5355E-01	
2.8375E+00 4.3945E+00 2.5103E+00 1.8798E+00 4.7332E+01	5.6750E-01 9.5572E+00 7.8438E+00 6.9383E+00 1.5629E+02	1.0215E+02 4.5903E-01 3.3155E-01 2.7565E-01 4.7126E+00	1.1350E+02 5.6821E-02 3.1482E-02 2.2001E-02 4.6719E-01	
2.8625E+00 4.4351E+00 2.6363E+00 2.1145E+00 4.8530E+01	5.7250E-01 9.4517E+00 7.9099E+00 7.0668E+00 1.5649E+02	1.0305E+02 5.0718E-01 3.6522E-01 2.9262E-01 5.2275E+00	1.1450E+02 5.6198E-02 3.0757E-02 2.1132E-02 4.5455E-01	
2.8875E+00 3.8154E+00 2.3119E+00 1.8856E+00 4.2149E+01	5.7750E-01 9.6184E+00 7.9571E+00 7.0943E+00 1.5574E+02	1.0395E+02 5.3808E-01 3.9271E-01 3.1374E-01 5.6183E+00	1.1550E+02 5.6596E-02 3.0897E-02 2.1125E-02 4.5595E-01	
2.9125E+00 3.5730E+00 2.2368E+00 1.8686E+00 4.0885E+01	5.8250E-01 9.4795E+00 7.8838E+00 7.0232E+00 1.5415E+02	1.0485E+02 6.8232E-01 5.5440E-01 4.5306E-01 8.0360E+00	1.1650E+02 5.5150E-02 2.9888E-02 2.0522E-02 4.4343E-01	
2.9375E+00 3.3346E+00 2.1203E+00 1.8206E+00 3.8407E+01	5.8750E-01 9.5785E+00 7.9976E+00 7.1385E+00 1.5587E+02	1.0575E+02 6.6678E-01 5.0633E-01 3.9926E-01 7.2976E+00	1.1750E+02 5.7468E-02 3.1171E-02 2.1209E-02 4.5942E-01	
2.9625E+00 3.1295E+00 1.9960E+00 1.7237E+00 3.5690E+01	5.9250E-01 9.7784E+00 8.0474E+00 7.0290E+00 1.5441E+02	1.0665E+02 7.0784E-01 5.4789E-01 4.3442E-01 7.8308E+00	1.1850E+02 5.4449E-02 2.9488E-02 2.0110E-02 4.3624E-01	
2.9875E+00 2.9519E+00 1.8808E+00 1.6205E+00 3.3571E+01	5.9750E-01 9.6417E+00 7.9609E+00 7.0445E+00 1.5202E+02	1.0755E+02 9.6548E-01 6.8535E-01 5.1618E-01 9.9248E+00	1.1950E+02 5.4564E-02 3.0116E-02 2.0771E-02 4.4456E-01	
3.0125E+00 2.7640E+00 1.7656E+00 1.5259E+00 3.0868E+01	6.0250E-01 9.8732E+00 7.9875E+00 6.9031E+00 1.5120E+02	1.0845E+02 1.0408E+00 8.0902E-01 6.4784E-01 1.2086E+01	1.2050E+02 5.3987E-02 2.9916E-02 2.0902E-02 4.4076E-01	
3.0375E+00 2.9136E+00 1.8302E+00 1.5499E+00 3.3519E+01	6.0750E-01 9.6859E+00 7.8165E+00 6.8290E+00 1.4859E+02	1.0935E+02 1.0668E+00 7.9498E-01 6.5328E-01 1.1130E+01	1.2150E+02 5.3598E-02 2.9916E-02 2.1064E-02 4.4132E-01	
3.0625E+00 2.6878E+00 1.7664E+00 1.5603E+00 3.2223E+01	6.1250E-01 9.8005E+00 7.8141E+00 6.7635E+00 1.4826E+02	1.1025E+02 1.0032E+00 8.2765E-01 7.0898E-01 1.2076E+01	1.2250E+02 5.4850E-02 3.0271E-02 2.1049E-02 4.4422E-01	
3.0875E+00 2.7750E+00 1.7789E+00 1.5590E+00 3.2280E+01	6.1750E-01 1.0124E+01 8.0143E+00 6.9557E+00 1.5252E+02	1.1115E+02 1.1641E+00 8.8596E-01 7.4867E-01 1.2703E+01	1.2350E+02 5.4327E-02 3.0087E-02 2.1102E-02 4.4338E-01	
3.1125E+00 2.4970E+00 1.6769E+00 1.5627E+00 3.0324E+01	6.2250E-01 1.0457E+01 8.1615E+00 6.9217E+00 1.5621E+02	1.1205E+02 1.0859E+00 8.6928E-01 7.2845E-01 1.2328E+01	1.2450E+02 5.3834E-02 2.9594E-02 2.0132E-02 4.3834E-01	
3.1375E+00 2.4071E+00 1.6468E+00 1.5338E+00 3.0016E+01	6.2750E-01 1.0669E+01 8.2048E+00 7.0251E+00 1.5397E+02	1.1295E+02 1.0882E+00 9.3218E-01 8.1372E-01 1.3140E+01	1.2550E+02 5.3852E-02 2.9284E-02 2.0136E-02 4.3320E-01	
3.1625E+00 2.5156E+00 1.6286E+00 1.4597E+00 2.9842E+01	6.3250E-01 1.0763E+01 8.1516E+00 6.8933E+00 1.5310E+02	1.1385E+02 1.1335E+00 1.0130E+00 9.0774E-01 1.4563E+01	1.2650E+02 5.4218E-02 2.9929E-02 2.0726E-02 4.4474E-01	
3.1875E+00 2.7630E+00 1.6685E+00 1.3760E+00 3.1093E+01	6.3750E-01 1.0748E+01 8.1548E+00 6.9430E+00 1.5257E+02	1.1475E+02 1.3564E+00 1.1688E+00 1.0321E+00 1.6231E+01	1.2750E+02 5.3375E-02 2.9205E-02 2.0335E-02 4.3181E-01	
3.2125E+00 2.7947E+00 1.6390E+00 1.3090E+00 3.0971E+01	6.4250E-01 1.0974E+01 8.2494E+00 6.9864E+00 1.5433E+02	1.1565E+02 1.2817E+00 1.1106E+00 9.9002E-01 1.5644E+01	1.2850E+02 5.3176E-02 2.8938E-02 1.9943E-02 4.3002E-01	
3.2375E+00 2.6581E+00 1.5052E+00 1.1403E+00 2.8415E+01	6.4750E-01 1.0899E+01 8.1575E+00 6.9028E+00 1.5058E+02	1.1655E+02 1.3440E+00 1.1697E+00 1.0570E+00 1.6436E+01	1.2950E+02 5.2674E-02 2.8834E-02 2.0305E-02 4.2724E-01	
3.2625E+00 2.5965E+00 1.4479E+00 1.0741E+00 2.7141E+01	6.5250E-01 1.0819E+01 8.0459E+00 6.8300E+00 1.4762E+02	1.1745E+02 1.5001E+00 1.4087E+00 1.3097E+00 1.9567E+01	1.3050E+02 5.3285E-02 2.9400E-02 2.0529E-02 4.3165E-01	
3.2875E+00 2.4340E+00 1.3480E+00 9.8410E-01 2.4924E+01	6.5750E-01 1.0918E+01 8.0803E+00 6.8450E+00 1.4740E+02	1.1835E+02 1.4952E+00 1.3262E+00 1.2470E+00 1.8912E+01	1.3150E+02 5.2852E-02 2.9272E-02 2.0245E-02 4.3232E-01	
3.3125E+00 2.2202E+00 1.2861E+00 9.9216E-01 2.3761E+01	6.6250E-01 1.1004E+01 8.1152E+00 6.8901E+00 1.4752E+02	1.1925E+02 1.4301E+00 1.3011E+00 1.2552E+00 1.8875E+01	1.3250E+02 5.2898E-02 2.8974E-02 2.0445E-02 4.2865E-01	
3.3375E+00 1.9692E+00 1.1523E+00 8.8010E-01 2.0813E+01	6.6750E-01 1.0733E+01 7.8239E+00 6.5922E+00 1.4138E+02	1.2015E+02 1.4273E+00 1.3473E+00 1.3322E+00 1.9555E+01	1.3350E+02 5.1569E-02 2.7887E-02 1.9429E-02 4.1387E-01	
3.3625E+00 1.7468E+00 1.0639E+00 8.3920E-01 1.8919E+01	6.7250E-01 1.1072E+01 8.0242E+00 6.7274E+00 1.4435E+02	1.2105E+02 1.5418E+00 1.5001E+00 1.4798E+00 2.1279E+01	1.3450E+02 5.3470E-02 2.9353E-02 2.0591E-02 4.3260E-01	
3.3875E+00 1.5993E+00 9.9226E-01 7.9420E-01 1.6938E+01	6.7750E-01 1.0996E+01 8.0232E+00 6.8099E+00 1.4274E+02	1.2195E+02 1.4524E+00 1.3789E+00 1.3789E+00 1.9670E+01	1.3550E+02 5.2640E-02 2.8935E-02 2.0154E-02 4.3112E-01	
3.4125E+00 1.4916E+00 9.4740E-01 7.7581E-01 1.6498E+01	6.8250E-01 1.1078E+01 7.9785E+00 6.7545E+00 1.4255E+02	1.2285E+02 1.6220E+00 1.4874E+00 1.4518E+00 2.1326E+01	1.3650E+02 5.2667E-02 2.9052E-02 2.0760E-02 4.3361E-01	
3.4375E+00 1.3226E+00 8.8002E-01 7.6079E-01 1.4820E+01	6.8750E-01 1.1051E+01 7.9816E+00 6.8015E+00 1.4136E+02	1.2375E+02 1.4777E+00 1.4146E+00 1.4009E+00 2.0004E+01	1.3750E+02 5.2109E-02 2.8251E-02 1.9714E-02 4.1715E-01	
3.4625E+00 1.2641E+00 8.3892E-01 7.1738E-01 1.3810E+01	6.9250E-01 1.1174E+01 7.9345E+00 6.6320E+00 1.4140E+02	1.2465E+02 1.6169E+00 1.5159E+00 1.4521E+00 2.1485E+01	1.3850E+02 5.1171E-02 2.8023E-02 2.0037E-02 4.1322E-01	
3.4875E+00 1.2214E+00 8.0450E-01 6.8673E-01 1.3344E+01	6.9750E-01 1.0999E+01 7.7613E+00 6.4343E+00 1.3708E+02	1.2555E+02 1.7573E+00 1.6659E+00 1.6464E+00 2.3696E+01	1.3950E+02 5.1538E-02 2.9147E-02 2.1035E-02 4.2862E-01	
3.5125E+00 1.2334E+00 8.1272E-01 6.8897E-01 1.3465E+01	7.0250E-01 1.0928E+01 7.7298E+00 6.5052E+00 1.3586E+02	1.2645E+02 1.8235E+00 1.7378E+00 1.6765E+00 2.4350E+01	1.4050E+02 4.9521E-02 2.7998E-02 1.9952E-02 4.1043E-01	
3.5375E+00 1.1966E+00 7.8499E-01 6.6478E-01 1.3247E+01	7.0750E-01 1.0785E+01 7.5928E+00 6.3070E+00 1.3139E+02	1.2735E+02 1.9127E+00 1.7998E+00 1.6789E+00 2.5092E+01	1.4150E+02 5.0746E-02 2.7911E-02 1.9771E-02 4.1082E-01	
3.5625E+00 1.1823E+00 7.8181E-01 6.6152E-01 1.2765E+01	7.1250E-01 1.0601E+01 7.4728E+00 6.2127E+00 1.2810E+02	1.2825E+02 1.9261E+00 1.8201E+00 1.8201E+00 2.5978E+01	1.4250E+02 4.9446E-02 2.8097E-02 2.0527E-02 4.1234E-01	
3.5875E+00 1.1185E+00 7.4715E-01 6.4237E-01 1.2213E+01	7.1750E-01 1.0467E+01 7.4151E+00 6.2321E+00 1.2568E+02	1.2915E+02 1.8359E+00 1.7112E+00 1.7069E+00 2.4216E+01	1.4350E+02 4.8679E-02 2.7130E-02 1.9493E-02 4.0034E-01	
3.6125E+00 1.0718E+00 7.1959E-01 6.1022E-01 1.1961E+01	7.2250E-01 1.0473E+01 7.2924E+00 6.0070E+00 1.2295E+02	1.3005E+02 1.8384E+00 1.7115E+00 1.6578E+00 2.4383E+01	1.4450E+02 4.9633E-02 2.8041E-02 2.0430E-02 4.1208E-01	
3.6375E+00 1.0403E+00 7.0062E-01 6.1018E-01 1.1565E+01	7.2750E-01 1.0286E+01 7.2552E+00 6.0894E+00 1.2217E+02	1.3095E+02 1.9553E+00 1.8187E+00 1.7120E+00 2.5499E+01	1.4550E+02 4.9087E-02 2.7937E-02 2.0301E-02 4.1430E-01	
3.6625E+00 1.0252E+00 6.9974E-01 6.0826E-01 1.1549E+01	7.3250E-01 1.0450E+01 7.2937E+00 6.0508E+00 1.2172E+02	1.3185E+02 2.0407E+00 1.8383E+00 1.6818E+00 2.5737E+01	1.4650E+02 4.8145E-02 2.7896E-02 2.0349E-02 4.0841E-01	
3.6875E+00 1.0361E+00 6.8470E-01 5.9219E-01 1.1208E+01	7.3750E-01 1.0387E+01 7.2049E+00 5.9236E+00 1.1903E+02	1.3275E+02 2.0006E+00 1.8215E+00 1.6498E+00 2.5106E+01	1.4750E+02 4.9058E-02 2.8498E-02 2.1123E-02 4.1537E-01	
3.7125E+00 9.7375E-01 6.4342E-01 5.4493E-01 1.0518E+01	7.4250E-01 1.0229E+01 7.0687E+00 5.7726E+00 1.1639E+02	1.3365E+02 2.1132E+00 1.8806E+00 1.6776E+00 2.6324E+01	1.4850E+02 4.7151E-02 2.7589E-02 2.0460E-02 4.0703E-01	
3.7375E+00 9.2795E-01 6.1931E-01 5.1757E-01 1.0088E+01	7.4750E-01 1.0533E+01 7.1964E+00 5.8602E+00 1.1779E+02	1.3455E+02 2.2252E+00 1.9899E+00 1.7682E+00 2.8312E+01	1.4950E+02 4.8414E-02 2.8170E-02 2.0775E-02 4.1257E-01	
3.7625E+00 8.8612E-01 5.9307E-01 4.9398E-01 9.5650E+00	7.5250E-01 1.0250E+01 6.9725E+00 5.6012E+00 1.1350E+02	1.3545E+02 2.1326E+00 1.8854E+00 1.7025E+00 2.6551E+01	1.5050E+02 4.8298E-02 2.8163E-02 2.0735E-02 4.1608E-01	
3.7875E+00 8.5775E-01 5.7733E-01 4.8695E-01 9.3998E+00	7.5750E-01 1.0331E+01 6.9593E+00 5.5762E+00 1.1320E+02	1.3635E+02 2.0760E+00 1.8841E+00 1.7327E+00 2.6626E+01	1.5150E+02 4.8847E-02 2.8042E-02 2.0516E-02 4.1402E-01	
3.8125E+00 8.2319E-01 5.6140E-01 4.7646E-01 8.9653E+00	7.6250E-01 1.0142E+01 6.8027E+00 5.3865E+00 1.1028E+02	1.3725E+02 1.9865E+00 1.8132E+00 1.6680E+00 2.5414E+01	1.5250E+02 4.8656E-02 2.7853E-02 2.0266E-02 4.1241E-01	
3.8375E+00 9.4105E-01 6.1173E-01 4.9838E-01 9.7373E+00	7.6750E-01 9.9464E+00 6.7235E+00 5.4161E+00 1.0810E+02	1.3815E+02 2.0122E+00 1.8914E+00 1.8302E+00 2.6646E+01	1.5350E+02 4.7199E-02 2.7156E-02 1.9777E-02 3.9850E-01	
3.8625E+00 8.3936E-01 5.8339E-01 5.1553E-01 9.2527E+00	7.7250E-01 9.8575E+00 6.6360E+00 5.2888E+00 1.0671E+02	1.3905E+02 2.0562E+00 1.9972E+00 1.9596E+00 2.9260E+01	1.5450E+02 4.7559E-02 2.7940E-02 2.0687E-02 4.1121E-01	
3.8875E+00 7.8885E-01 5.3807E-01 4.6491E-01 8.7025E+00	7.7750E-01 9.7022E+00 6.5442E+00 5.2401E+00 1.0435E+02	1.3995E+02 2.1083E+00 1.9840E+00 1.8960E+00 2.8169E+01	1.5550E+02 4.7847E-02 2.7511E-02 2.0174E-02 4.0565E-01	
3.9125E+00 7.5458E-01 5.2057E-01 4.4647E-01 8.4555E+00	7.8250E-01 9.5479E+00 6.4246E+00 5.1145E+00 1.0225E+02	1.4085E+02 2.1166E+00 1.9402E+00 1.8099E+00 2.6891E+01	1.5650E+02 4.7818E-02 2.7874E-02 2.0398E-02 4.1265E-01	
3.9375E+00 7.7502E-01 5.3223E-01 4.4092E-01 8.5365E+00	7.8750E-01 9.5106E+00 6.3763E+00 5.0894E+00 1.0087E+02	1.4175E+02 2.1119E+00 1.9718E+00 1.8774E+00 2.8084E+01	1.5750E+02 4.6247E-02 2.6813E-02 1.9474E-02 3.9330E-01	
3.9625E+00 7.4440E-01 5.0423E-01 4.1788E-01 7.9758E+00	7.9250E-01 9.3879E+00 6.2330E+00 4.8912E+00 9.8278E+01	1.4265E+02 2.0695E+00 1.8814E+00 1.7766E+00 2.6460E+01	1.5850E+02 4.7879E-02 2.6923E-02 1.9208E-02 3.9516E-01	
3.9875E+00 7.1870E-01 4.8721E-01 4.0081E-01 7.7227E+00	7.9750E-01 9.1699E+00 6.1228E+00 4.8253E+00 9.6594E+01	1.4355E+02 2.0835E+00 1.9697E+00 1.9514E+00 2.7815E+01	1.5950E+02 4.6483E-02 2.6982E-02 1.9522E-02 3.9565E-01	
4.0125E+00 6.7512E-01 4.6413E-01 3.9232E-01 7.4145E+00	8.0250E-01 8.9251E+00 5.9484E+00 4.6768E+00 9.3352E+01	1.4445E+02 1.9113E+00 1.8360E+00 1.8185E+00 2.5808E+01	1.6050E+02 4.6495E-02 2.6947E-02 1.9737E-02 3.9438E-01	
4.0375E+00 6.6092E-01 4.5299E-01 3.8443E-01 7.2092E+00	8.0750E-01 8.8878E+00 5.9324E+00 4.6695E+00 9.2687E+01	1.4535E+02 1.9031E+00 1.7447E+00 1.6561E+00 2.4515E+01	1.6150E+02 4.5680E-02 2.6421E-02 1.9306E-02 3.8933E-01	
4.0625E+00 6.6961E-01 4.4467E-01 3.7256E-01 7.0661E+00	8.1250E-01 9.2244E+00 6.0313E+00 4.6816E+00 9.4211E+01	1.4625E+02 1.9579E+00 1.7327E+00 1.6106E+00 2.3994E+01	1.6250E+02 4.5834E-02 2.6195E-02 1.8968E-02 3.8505E-01	
4.0875E+00 6.6212E-01 4.4359E-01 3.7881E-01 7.0544E+00	8.1750E-01 9.1034E+00 5.9807E+00 4.6961E+00 9.3326E+01	1.4715E+02 1.9780E+00 1.7776E+00 1.6363E+00 2.5025E+01	1.6350E+02 4.5151E-02 2.5803E-02 1.8565E-02 3.8190E-01	
4.1125E+00 6.4301E-01 4.3749E-01 3.7346E-01 6.9004E+00	8.2250E-01 8.9416E+00 5.8532E+00 4.5217E+00 9.0624E+01	1.4805E+02 1.9952E+00 1.7761E+00 1.7481E+00 2.5250E+01	1.6450E+02 4.7636E-02 2.6659E-02 1.8878E-02 3.9379E-01	
4.1375E+00 6.4598E-01 4.3518E-01 3.6902E-01 6.8610E+00	8.2750E-01 8.8664E+00 5.7879E+00 4.5126E+00 8.9384E+01	1.4895E+02 1.8464E+00 1.6623E+00 1.6312E+00 2.2745E+01	1.6550E+02 4.5991E-02 2.6509E-02 1.9047E-02 3.8957E-01	
4.1625E+00 6.2726E-01 4.2650E-01 3.5816E-01 6.7211E+00	8.3250E-01 8.7201E+00 5.6906E+00 4.4103E+00 8.7708E+01	1.4985E+02 1.9484E+00 1.7309E+00 1.7095E+00 2.3840E+01	1.6650E+02 4.6080E-02 2.6063E-02 1.8537E-02 3.8179E-01	
4.1875E+00 6.0145E-01 4.1250E-01 3.5613E-01 6.5680E+00	8.3750E-01 8.8253E+00 5.7147E+00 4.3806E+00 8.7844E+01	1.5075E+02 1.7199E+00 1.5803E+00 1.5658E+00 2.1647E+01	1.6750E+02 4.6823E-02 2.6092E-02 1.8312E-02 3.8556E-01	
4.2125E+00 5.7135E-01 3.9606E-01 3.3741E-01 6.2631E+00	8.4250E-01 8.6243E+00 5.5690E+00 4.2485E+00 8.5865E+01	1.5165E+02 1.6988E+00 1.5565E+00 1.4873E+00 2.2159E+01	1.6850E+02 4.7689E-02 2.6892E-02 1.9180E-02 3.9553E-01	
4.2375E+00 6.0026E-01 4.0256E-01 3.3555E-01 6.2837E+00	8.4750E-01 8.5527E+00 5.4790E+00 4.1462E+00 8.3922E+01	1.5255E+02 1.6777E+00 1.5327E+00 1.4773E+00 2.1178E+01	1.6950E+02 4.4963E-02 2.5539E-02 1.8337E-02 3.7527E-01	
4.2625E+00 6.1020E-01 4.1807E-01 3.4646E-01 6.5624E+00	8.5250E-01 8.3890E+00 5.3395E+00 4.0412E+00 8.1415E+01	1.5345E+02 1.4888E+00 1.3353E+00 1.3073E+00 1.9229E+01	1.7050E+02 4.7121E-02 2.6400E-02 1.8748E-02 3.8613E-01	
4.2875E+00 5.6966E-01 3.9196E-01 3.3331E-01 6.2147E+00	8.5750E-01 8.4975E+00 5.3778E+00 4.0511E+00 8.1790E+01	1.5435E+02 1.3387E+00 1.2143E+00 1.1993E+00 1.6683E+01	1.7150E+02 4.6453E-02 2.6280E-02 1.8536E-02 3.8942E-01	
4.3125E+00 5.4456E-01 3.8103E-01 3.2359E-01 6.0006E+00	8.6250E-01 8.4098E+00 5.2749E+00 3.9084E+00 8.0362E+01	1.5525E+02 1.4204E+00 1.2791E+00 1.2671E+00 1.7399E+01	1.7250E+02 4.5081E-02 2.5471E-02 1.8069E-02 3.7595E-01	
4.3375E+00 5.5844E-01 3.7839E-01 3.1761E-01 6.0092E+00	8.6750E-01 8.2876E+00 5.1708E+00 3.8278E+00 7.8766E+01	1.5615E+02 1.3665E+00 1.1953E+00 1.1953E+00 1.6477E+01	1.7350E+02 4.5902E-02 2.5835E-02 1.8018E-02 3.8040E-01	
4.3625E+00 5.3992E-01 3.6771E-01 3.1005E-01 5.7606E+00	8.7250E-01 8.2748E+00 5.1435E+00 3.7853E+00 7.7978E+01	1.5705E+02 1.6217E+00 1.3597E+00 1.3597E+00 1.8663E+01	1.7450E+02 4.6667E-02 2.5899E-02 1.8077E-02 3.8037E-01	
4.3875E+00 5.3097E-01 3.6586E-01 3.0796E-01 5.6390E+00	8.7750E-01 8.1272E+00 5.0217E+00 3.6499E+00 7.5945E+01	1.5795E+02 1.6003E+00 1.2614E+00 1.2614E+00 1.6932E+01	1.7550E+02 4.5762E-02 2.5636E-02 1.8153E-02 3.8000E-01	
4.4125E+00 5.3250E-01 3.6372E-01 3.1006E-01 5.6897E+00	8.8250E-01 8.0899E+00 4.9880E+00 3.6009E+00 7.5172E+01	1.5885E+02 1.7135E+00 1.3326E+00 1.3326E+00 1.8409E+01	1.7650E+02 4.6723E-02 2.5463E-02 1.7432E-02 3.7520E-01	
4.4375E+00 5.0667E-01 3.5733E-01 3.1078E-01 5.5638E+00	8.8750E-01 8.1392E+00 5.0011E+00 3.6193E+00 7.4900E+01	1.5975E+02 1.4529E+00 1.2878E+00 1.2878E+00 1.7935E+01	1.7750E+02 4.6287E-02 2.5557E-02 1.7604E-02 3.7734E-01	
4.4625E+00 5.1869E-01 3.5191E-01 2.9312E-01 5.8838E+00	8.9250E-01 8.1129E+00 4.9694E+00 3.5896E+00 7.4852E+01	1.6065E+02 1.2364E+00 1.0450E+00 1.0413E+00 1.4490E+01	1.7850E+02 4.7080E-02 2.5898E-02 1.7913E-02 3.8054E-01	
4.4875E+00 5.0592E-01 3.4793E-01 2.9584E-01 5.3957E+00	8.9750E-01 8.2056E+00 4.9342E+00 3.4827E+00 7.4257E+01	1.6155E+02 1.2773E+00 1.1608E+00 1.1413E+00 1.6284E+01	1.7950E+02 4.4167E-02 2.4668E-02 1.7143E-02 3.6539E-01	
4.5125E+00 4.8596E-01 3.3217E-01 2.7920E-01 5.1988E+00	9.0250E-01 8.3326E+00 4.9897E+00 3.5826E+00 7.4916E+01	1.6245E+02 1.2394E+00 1.0392E+00 1.0164E+00 1.4241E+01	1.8050E+02 4.5036E-02 2.5038E-02 1.7462E-02 3.6870E-01	
4.5375E+00 4.9012E-01 3.3495E-01 2.8022E-01 5.2121E+00	9.0750E-01 8.5432E+00 5.1118E+00 3.6407E+00 7.6521E+01	1.6335E+02 1.2108E+00 9.6452E-01 9.3202E-01 1.3407E+01	1.8150E+02 4.5334E-02 2.5080E-02 1.7386E-02 3.7175E-01	
4.5625E+00 4.6186E-01 3.2712E-01 2.7878E-01 5.1073E+00	9.1250E-01 8.2443E+00 4.8672E+00 3.4176E+00 7.2635E+01	1.6425E+02 1.0564E+00 9.5998E-01 9.4911E-01 1.3550E+01	1.8250E+02 4.5536E-02 2.5701E-02 1.8242E-02 3.7944E-01	
4.5875E+00 4.7621E-01 3.2973E-01 2.7745E-01 5.1122E+00	9.1750E-01 8.4067E+00 4.9143E+00 3.4195E+00 7.3267E+01	1.6515E+02 1.0865E+00 9.2709E-01 9.0880E-01 1.3086E+01	1.8350E+02 4.4919E-02 2.5120E-02 1.7436E-02 3.6738E-01	
4.6125E+00 4.5947E-01 3.2053E-01 2.7459E-01 4.9820E+00	9.2250E-01 8.4241E+00 4.8395E+00 3.3099E+00 7.2231E+01	1.6605E+02 1.0285E+00 8.9119E-01 8.8348E-01 1.2540E+01	1.8450E+02 4.6192E-02 2.6084E-02 1.8176E-02 3.8390E-01	
4.6375E+00 4.7100E-01 3.1782E-01 2.6563E-01 4.9331E+00	9.2750E-01 8.5845E+00 4.8769E+00 3.3097E+00 7.2385E+01	1.6695E+02 9.8356E-01 8.6537E-01 8.5579E-01 1.2465E+01	1.8550E+02 4.4350E-02 2.4711E-02 1.7249E-02 3.6448E-01	
4.6625E+00 4.6155E-01 3.1936E-01 2.6914E-01 4.9805E+00	9.3250E-01 8.6999E+00 4.9357E+00 3.3981E+00 7.3871E+01	1.6785E+02 9.8888E-01 8.6648E-01 8.5300E-01 1.2027E+01	1.8650E+02 4.4536E-02 2.4621E-02 1.7081E-02 3.6104E-01	
4.6875E+00 4.5390E-01 3.0802E-01 2.5929E-01 4.7659E+00	9.3750E-01 8.7738E+00 4.8986E+00 3.3049E+00 7.2663E+01	1.6875E+02 9.0577E-01 7.9913E-01 7.9046E-01 1.1153E+01	1.8750E+02 4.3427E-02 2.4568E-02 1.7342E-02 3.6497E-01	
4.7125E+00 4.3787E-01 3.0053E-01 2.4993E-01 4.6177E+00	9.4250E-01 8.9374E+00 4.9194E+00 3.2932E+00 7.2907E+01	1.6965E+02 8.0301E-01 7.3575E-01 7.2599E-01 1.0274E+01	1.8850E+02 4.3587E-02 2.4350E-02 1.7000E-02 3.5549E-01	
4.7375E+00 4.3130E-01 2.9926E-01 2.5162E-01 4.6100E+00	9.4750E-01 8.8910E+00 4.8970E+00 3.2783E+00 7.2332E+01	1.7055E+02 8.3169E-01 7.5368E-01 7.4850E-01 1.0523E+01	1.8950E+02 4.4352E-02 2.4739E-02 1.7145E-02 3.6257E-01	
4.7625E+00 4.3383E-01 2.9986E-01 2.5483E-01 4.6756E+00	9.5250E-01 9.1240E+00 4.9959E+00 3.3769E+00 7.3781E+01	1.7145E+02 9.5391E-01 8.5778E-01 8.5474E-01 1.2054E+01	1.9050E+02 4.4340E-02 2.4835E-02 1.7432E-02 3.6725E-01	
4.7875E+00 4.1411E-01 2.9005E-01 2.4591E-01 4.4980E+00	9.5750E-01 8.5729E+00 4.6554E+00 3.0975E+00 6.8242E+01	1.7235E+02 1.1379E+00 9.9559E-01 9.9559E-01 1.4086E+01	1.9150E+02 4.3810E-02 2.4523E-02 1.7275E-02 3.6137E-01	
4.8125E+00 4.2253E-01 2.9083E-01 2.4152E-01 4.4658E+00	9.6250E-01 8.0121E+00 4.2970E+00 2.7935E+00 6.2791E+01	1.7325E+02 1.1446E+00 1.0096E+00 1.0065E+00 1.4415E+01	1.9250E+02 4.4061E-02 2.3991E-02 1.6538E-02 3.5248E-01	
4.8375E+00 4.1190E-01 2.9122E-01 2.5145E-01 4.4983E+00	9.6750E-01 7.2363E+00 3.8696E+00 2.4953E+00 5.6305E+01	1.7415E+02 8.4265E-01 6.2976E-01 5.6047E-01 8.8579E+00	1.9350E+02 4.3907E-02 2.4336E-02 1.6910E-02 3.5754E-01	
4.8625E+00 4.1105E-01 2.8277E-01 2.4043E-01 4.3611E+00	9.7250E-01 6.4249E+00 3.4608E+00 2.2532E+00 5.0413E+01	1.7505E+02 8.4585E-01 7.6695E-01 7.6142E-01 1.0724E+01	1.9450E+02 4.3283E-02 2.4385E-02 1.7192E-02 3.5622E-01	
4.8875E+00 3.9875E-01 2.7878E-01 2.3767E-01 4.3151E+00	9.7750E-01 5.0890E+00 2.6402E+00 1.6508E+00 3.8409E+01	1.7595E+02 7.9866E-01 6.8839E-01 6.6483E-01 9.5208E+00	1.9550E+02 4.3174E-02 2.3747E-02 1.6301E-02 3.5030E-01	
4.9125E+00 4.1506E-01 2.8362E-01 2.3863E-01 4.3837E+00	9.8250E-01 3.9330E+00 1.9787E+00 1.1877E+00 2.8502E+01	1.7685E+02 6.3714E-01 5.1301E-01 5.0891E-01 7.0992E+00	1.9650E+02 4.3560E-02 2.3833E-02 1.6333E-02 3.4884E-01	
4.9375E+00 4.0079E-01 2.8729E-01 2.4884E-01 4.3820E+00	9.8750E-01 2.8877E+00 1.4139E+00 8.0937E-01 2.0286E+01	1.7775E+02 6.9868E-01 5.6910E-01 5.5617E-01 7.6226E+00	1.9750E+02 4.3598E-02 2.4237E-02 1.7019E-02 3.5764E-01	
4.9625E+00 3.9120E-01 2.7632E-01 2.3600E-01 4.2150E+00	9.9250E-01 1.7483E+00 8.4179E-01 4.5697E-01 1.2057E+01	1.7865E+02 7.0535E-01 5.6808E-01 5.5287E-01 7.7002E+00	1.9850E+02 4.3630E-02 2.4575E-02 1.7508E-02 3.5972E-01	
4.9875E+00 3.9790E-01 2.8393E-01 2.4540E-01 4.3923E+00	9.9750E-01 5.7298E-01 2.8176E-01 1.7803E-01 4.0634E+00	1.7955E+02 1.1277E+00 9.5707E-01 7.3756E-01 1.2930E+01	1.9950E+02 4.2718E-02 2.3785E-02 1.6588E-02 3.4777E-01	
